Progetto/32 Decenni/raster/01-10.asc
NCOLS 600
NROWS 600
XLLCORNER -124.215
YLLCORNER 32.5722
DX 0.01674
DY 0.01565
NODATA_VALUE -9999
[rows 338 to 363 of 600, columns 480 to 539 of 600]
346.19155 347.06056 347.90645 348.73179 349.5388 350.32936 351.10507 351.86724 352.61694 353.35503 354.0822 354.79896 355.50569 356.20267 356.89007 357.56798 358.23644 358.89544 359.54493 360.18485 360.8151 361.4356 362.04627 362.64701 363.23775 363.81842 364.38898 364.9494 365.49965 366.03975 366.5697 367.08956 367.59937 368.09921 368.58916 369.06933 369.53983 370.0008 370.45236 370.89467 371.32789 371.75218 372.16771 372.57467 372.97324 373.36361 373.74596 374.12049 374.4874 374.84688 375.19914 375.54435 375.88274 376.21448 376.53978 376.85883 377.17183 377.47895 377.7804 378.07635
344.4417 345.32694 346.18953 347.03213 347.85699 348.666 349.46074 350.24248 351.01226 351.77087 352.51893 353.25688 353.98503 354.70357 355.41259 356.11211 356.80211 357.48249 358.15315 358.81396 359.4648 360.10553 360.73601 361.35614 361.96579 362.5649 363.1534 363.73123 364.29837 364.85483 365.40061 365.93577 366.46035 366.97444 367.47813 367.97154 368.45478 368.92801 369.39137 369.84502 370.28914 370.72391 371.14952 371.56615 371.97402 372.37331 372.76423 373.14701 373.52183 373.88892 374.24848 374.60072 374.94586 375.28409 375.61564 375.9407 376.25948 376.57218 376.879 377.18012
342.6705 343.57117 344.44994 345.30951 346.15215 346.97974 347.79381 348.5956 349.38605 350.16589 350.93565 351.69566 352.44615 353.18721 353.91884 354.64097 355.35348 356.05622 356.74902 357.43167 358.10399 358.7658 359.41693 360.05721 360.68653 361.30476 361.91183 362.50768 363.09228 363.66561 364.2277 364.77859 365.31834 365.84705 366.36481 366.87175 367.368 367.85373 368.3291 368.79429 369.24948 369.69488 370.13068 370.5571 370.97435 371.38265 371.78222 372.17328 372.55606 372.93078 373.29768 373.65696 374.00886 374.35359 374.69138 375.02244 375.34699 375.66524 375.97739 376.28366
340.87532 341.79062 342.68507 343.56138 344.42183 345.26824 346.10209 346.92452 347.73639 348.53833 349.33072 350.11383 350.88772 351.6524 352.40775 353.15361 353.88976 354.61595 355.33194 356.03746 356.73225 357.41608 358.08874 358.75004 359.3998 360.0379 360.66424 361.27875 361.88138 362.47213 363.05103 363.6181 364.17344 364.71714 365.2493 365.77008 366.27962 366.7781 367.26569 367.7426 368.20904 368.6652 369.11133 369.54764 369.97437 370.39175 370.80002 371.19943 371.5902 371.97259 372.34683 372.71317 373.07183 373.42305 373.76707 374.10412 374.43441 374.75819 375.07565 375.38703
339.05307 339.98225 340.89195 341.7849 342.66329 343.52891 344.38313 345.22697 346.06118 346.88623 347.70239 348.50977 349.30831 350.09787 350.87821 351.64906 352.41009 353.16095 353.90131 354.63081 355.34916 356.05604 356.75121 357.43442 358.10548 358.76424 359.41058 360.04442 360.66571 361.27446 361.87067 362.45441 363.02576 363.58483 364.13175 364.66668 365.18978 365.70125 366.20129 366.69011 367.16795 367.63503 368.0916 368.53791 368.9742 369.40074 369.81777 370.22556 370.62437 371.01445 371.39605 371.76944 372.13486 372.49256 372.84279 373.1858 373.52182 373.85109 374.17383 374.49028
337.20018 338.14257 339.06723 339.97681 340.87347 341.75886 342.63422 343.50044 344.35809 345.20748 346.04873 346.88176 347.70637 348.52225 349.32903 350.12629 350.91358 351.69046 352.45649 353.21123 353.95431 354.68536 355.40407 356.11017 356.80345 357.48371 358.15083 358.80472 359.44533 360.07266 360.68674 361.28763 361.87544 362.45028 363.01231 363.5617 364.09864 364.62335 365.13605 365.63698 366.12638 366.60452 367.07165 367.52805 367.974 368.40975 368.8356 369.25181 369.65867 370.05645 370.44543 370.82586 371.19804 371.5622 371.91863 372.26757 372.60928 372.944 373.27199 373.59347
335.3126 336.26763 337.20707 338.13349 339.0489 339.95483 340.85234 341.74213 342.62457 343.49978 344.36766 345.22795 346.08026 346.92411 347.75895 348.58422 349.39933 350.20373 350.99685 351.7782 352.54729 353.30372 354.04711 354.77716 355.49362 356.19628 356.885 357.55969 358.22031 358.86685 359.49936 360.11791 360.72262 361.31364 361.89114 362.45532 363.00638 363.54458 364.07015 364.58337 365.0845 365.57382 366.05164 366.51822 366.97389 367.41892 367.85363 368.2783 368.69323 369.09872 369.49507 369.88255 370.26146 370.63207 370.99466 371.3495 371.69686 372.037 372.37018 372.69664
333.38567 334.35294 335.30718 336.25084 337.18576 338.11326 339.03419 339.94901 340.85787 341.76063 342.65696 343.54637 344.42825 345.30192 346.16666 347.02173 347.8664 348.69997 349.52178 350.33121 351.12772 351.91084 352.68013 353.43526 354.17593 354.90195 355.61315 356.30943 356.99077 357.65717 358.30869 358.94542 359.56751 360.17512 360.76845 361.34773 361.9132 362.46513 363.00379 363.52947 364.04248 364.54312 365.03172 365.50858 365.97403 366.4284 366.872 367.30515 367.72817 368.14138 368.54509 368.9396 369.32522 369.70224 370.07096 370.43167 370.78463 371.13014 371.46846 371.79985
331.4141 332.39341 333.36272 334.3243 335.27976 336.23017 337.17611 338.11776 339.05497 339.98732 340.91421 341.83489 342.74849 343.65411 344.55083 345.4377 346.31385 347.17842 348.03064 348.86979 349.69525 350.50647 351.30297 352.08437 352.85038 353.60075 354.33534 355.05405 355.75686 356.44379 357.11491 357.77036 358.4103 359.03492 359.64446 360.23916 360.81932 361.38521 361.93716 362.47549 363.00052 363.51261 364.01208 364.4993 364.9746 365.43834 365.89086 366.33251 366.76362 367.18454 367.5956 367.99712 368.38942 368.77282 369.14763 369.51415 369.87267 370.22349 370.56689 370.90315
329.39192 330.38333 331.36828 332.34879 333.32618 334.30121 335.27413 336.24476 337.21263 338.17698 339.13689 340.09129 341.03907 341.97904 342.91004 343.83096 344.74072 345.63832 346.52285 347.3935 348.24956 349.0904 349.91551 350.72448 351.51698 352.29278 353.05172 353.79372 354.51877 355.22692 355.91827 356.59298 357.25124 357.8933 358.5194 359.12985 359.72496 360.30506 360.8705 361.42164 361.95884 362.48247 362.99292 363.49055 363.97576 364.4489 364.91037 365.36052 365.79972 366.22833 366.64671 367.05521 367.45415 367.84389 368.22474 368.59702 368.96104 369.31712 369.66554 370.00659
327.3124 328.31629 329.31782 330.31866 331.3198 332.32159 333.32388 334.3261 335.32735 336.32651 337.32227 338.31324 339.29796 340.27499 341.24291 342.20036 343.14609 344.07894 344.99786 345.90194 346.79037 347.66247 348.5177 349.3556 350.17583 350.97817 351.76246 352.52865 353.27674 354.00682 354.71902 355.41354 356.09062 356.75052 357.39356 358.02007 358.6304 359.22493 359.80405 360.36815 360.91764 361.45293 361.97442 362.48254 362.97768 363.46026 363.93067 364.38932 364.8366 365.27288 365.69855 366.11398 366.51953 366.91554 367.30237 367.68036 368.04982 368.41108 368.76445 369.11023
325.16795 326.18513 327.20461 328.22768 329.25487 330.28607 331.32064 332.35753 333.39538 334.43262 335.46752 336.49828 337.52312 338.54025 339.548 340.54475 341.52906 342.49959 343.45517 344.39476 345.31748 346.22261 347.10953 347.9778 348.82707 349.65711 350.4678 351.2591 352.03105 352.78378 353.51747 354.23236 354.92873 355.6069 356.26723 356.9101 357.53592 358.1451 358.73807 359.31528 359.87718 360.42421 360.95681 361.47545 361.98056 362.47258 362.95194 363.41907 363.8744 364.31832 364.75124 365.17355 365.58564 365.98788 366.38063 366.76424 367.13907 367.50544 367.86368 368.21412
322.9501 323.98184 325.0212 326.06896 327.1251 328.18895 329.25929 330.33452 331.41274 332.49185 333.56965 334.6439 335.71242 336.77309 337.8239 338.86303 339.88878 340.89966 341.89434 342.8717 343.83078 344.77078 345.6911 346.59126 347.47092 348.32988 349.16804 349.9854 350.78205 351.55817 352.31398 353.04979 353.76593 354.46278 355.14075 355.80028 356.44182 357.06585 357.67284 358.2633 358.8377 359.39654 359.94031 360.4695 360.98458 361.48604 361.97434 362.44993 362.91326 363.36477 363.80489 364.23403 364.6526 365.06099 365.45958 365.84875 366.22886 366.60026 366.9633 367.3183
320.64934 321.69755 322.75935 323.83492 324.9236 326.02402 327.13432 328.25222 329.37519 330.50056 331.62556 332.7475 333.86373 334.97176 336.06927 337.15414 338.22448 339.27859 340.31505 341.33259 342.33022 343.30709 344.26258 345.19622 346.10769 346.99682 347.86355 348.70794 349.53014 350.33038 351.10896 351.86624 352.60262 353.31854 354.01448 354.69095 355.34844 355.9875 356.60866 357.21247 357.79946 358.37017 358.92514 359.4649 359.98996 360.50084 360.99804 361.48205 361.95334 362.41239 362.85964 363.29553 363.7205 364.13496 364.53932 364.93396 365.31927 365.69561 366.06334 366.42282
318.25513 319.32238 320.40995 321.51726 322.64286 323.7846 324.93981 326.10546 327.27829 328.45496 329.6321 330.80646 331.97492 333.13458 334.28279 335.41713 336.53547 337.63598 338.71706 339.77739 340.81589 341.83173 342.82426 343.79303 344.73778 345.65836 346.55479 347.4272 348.2758 349.1009 349.90287 350.68215 351.43922 352.1746 352.88883 353.58248 354.25614 354.9104 355.54585 356.1631 356.76274 357.34536 357.91155 358.46187 358.99689 359.51717 360.02323 360.5156 360.99479 361.4613 361.9156 362.35817 362.78946 363.2099 363.61993 364.01994 364.41035 364.79154 365.16387 365.52772
315.75568 316.84544 317.96301 319.10692 320.27477 321.46347 322.66945 323.88878 325.11738 326.35114 327.58602 328.81815 330.04391 331.25996 332.46327 333.65115 334.82124 335.97152 337.1003 338.20617 339.28803 340.34502 341.37654 342.38216 343.36168 344.31503 345.24231 346.14372 347.01956 347.87025 348.69623 349.49803 350.27622 351.03141 351.76422 352.4753 353.1653 353.8349 354.48475 355.11551 355.72785 356.32239 356.89979 357.46066 358.0056 358.53522 359.05007 359.55074 360.03775 360.51164 360.97291 361.42206 361.85957 362.2859 362.70149 363.10678 363.50218 363.8881 364.26494 364.63305
313.13798 314.2547 315.40756 316.594 317.81053 319.05294 320.31657 321.59649 322.88766 324.18512 325.48408 326.78001 328.06873 329.34642 330.60968 331.85554 333.08141 334.28511 335.46486 336.61919 337.747 338.84745 339.91996 340.9642 341.98002 342.96748 343.92674 344.85813 345.76206 346.63902 347.4896 348.31442 349.11414 349.88947 350.64112 351.36983 352.07634 352.76138 353.4257 354.07003 354.69507 355.30154 355.89012 356.46149 357.0163 357.55519 358.07877 358.58764 359.08238 359.56355 360.03169 360.48732 360.93094 361.36304 361.78408 362.19453 362.59482 362.98537 363.36658 363.73885
310.38758 311.53692 312.73162 313.96782 315.24071 316.54479 317.87413 319.22264 320.5842 321.95291 323.32311 324.68958 326.04753 327.39265 328.72118 330.02982 331.31582 332.57684 333.81103 335.01691 336.19337 337.33964 338.45523 339.53987 340.59356 341.61644 342.60883 343.57116 344.50398 345.40791 346.28364 347.13193 347.95355 348.74931 349.52004 350.26655 350.98968 351.69025 352.36909 353.02699 353.66473 354.28309 354.88281 355.46462 356.02922 356.57729 357.1095 357.62647 358.12884 358.61717 359.09206 359.55405 360.00366 360.44141 360.86779 361.28328 361.68833 362.08338 362.46885 362.84515
307.48856 308.6776 309.92215 311.21683 312.55524 313.93035 315.3348 316.76114 318.20205 319.65054 321.10005 322.54457 323.97869 325.39761 326.79716 328.17381 329.52458 330.84706 332.13935 333.39998 334.62792 335.82245 336.98321 338.11008 339.20318 340.26281 341.28943 342.28363 343.24611 344.17764 345.07905 345.95123 346.79508 347.61152 348.4015 349.16594 349.90578 350.62193 351.3153 351.98675 352.63715 353.26734 353.87812 354.47028 355.04457 355.60173 356.14244 356.66741 357.17726 357.67264 358.15415 358.62236 359.07784 359.52111 359.95269 360.37309 360.78276 361.18218 361.57178 361.95199
304.4234 305.66088 306.96505 308.32864 309.74341 311.20056 312.69102 314.20582 315.73627 317.2742 318.81204 320.34297 321.8609 323.36055 324.83738 326.2876 327.7081 329.09642 330.45063 331.76935 333.05163 334.29692 335.50498 336.67589 337.80992 338.90758 339.9695 340.99646 341.98933 342.94904 343.87659 344.77302 345.63937 346.4767 347.28607 348.06854 348.82513 349.55686 350.26473 350.94969 351.61268 352.25461 352.87635 353.47874 354.0626 354.6287 355.1778 355.71061 356.22782 356.7301 357.21808 357.69237 358.15356 358.60221 359.03885 359.46401 359.87817 360.28182 360.67541 361.05939
301.17287 302.46953 303.84508 305.29005 306.79399 308.34601 309.9351 311.55054 313.18211 314.82033 316.45657 318.08312 319.69323 321.28114 322.84196 324.37171 325.86718 327.32589 328.74599 330.12622 331.46579 332.76432 334.02181 335.23853 336.41499 337.5519 338.65014 339.71068 340.73459 341.723 342.6771 343.59808 344.48715 345.34551 346.17436 346.97488 347.74822 348.49549 349.21779 349.91617 350.59165 351.2452 351.87776 352.49025 353.08353 353.65842 354.21574 354.75624 355.28065 355.78967 356.28396 356.76418 357.23093 357.6848 358.12634 358.55611 358.97461 359.38234 359.77978 360.16738
297.71599 299.08489 300.54598 302.08713 303.69529 305.35711 307.05936 308.78933 310.53511 312.28578 314.03156 315.76386 317.47527 319.15955 320.81154 322.42711 324.00302 325.53685 327.02692 328.47213 329.87193 331.2262 332.53519 333.79944 335.01974 336.19708 337.33256 338.42742 339.48295 340.50051 341.48147 342.42723 343.33916 344.21863 345.06699 345.88555 346.67557 347.4383 348.17493 348.88659 349.5744 350.23942 350.88265 351.50506 352.10758 352.6911 353.25646 353.80447 354.33589 354.85148 355.35192 355.83788 356.31002 356.76894 357.21523 357.64944 358.07212 358.48378 358.88491 359.27598
294.02998 295.48694 297.0505 298.70532 300.43531 302.22424 304.05633 305.91661 307.7913 309.66795 311.53558 313.38469 315.20723 316.99656 318.74732 320.45529 322.11732 323.73115 325.29531 326.80899 328.27193 329.68436 331.04685 332.36027 333.62574 334.84455 336.0181 337.14792 338.23555 339.2826 340.29066 341.26134 342.1962 343.0968 343.96462 344.80112 345.60772 346.38577 347.13656 347.86134 348.5613 349.23759 349.89128 350.52342 351.13499 351.72692 352.30013 352.85545 353.3937 353.91565 354.42204 354.91358 355.39092 355.85471 356.30556 356.74405 357.17074 357.58616 357.99082 358.38521
290.09025 291.65433 293.34053 295.12966 297.002 298.93801 300.91896 302.92739 304.94744 306.96505 308.96799 310.94588 312.8901 314.79369 316.65117 318.45838 320.21236 321.9111 323.55348 325.13906 326.668 328.14091 329.55877 330.92288 332.2347 333.4959 334.70824 335.87352 336.99362 338.07039 339.10568 340.10133 341.05911 341.98074 342.86791 343.72222 344.54521 345.33838 346.10312 346.8408 347.55269 348.24002 348.90395 349.54558 350.16597 350.7661 351.34692 351.90934 352.4542 352.98231 353.49445 353.99135 354.4737 354.94217 355.3974 355.83999 356.27051 356.68951 357.09753 357.49507
285.87058 287.56465 289.39739 291.34503 293.38356 295.48957 297.64099 299.8176 302.0013 304.17632 306.32919 308.44872 310.52582 312.55333 314.52578 316.43923 318.29103 320.07959 321.80425 323.46506 325.06269 326.59825 328.07321 329.48933 330.84854 332.1529 333.40455 334.60568 335.75846 336.86506 337.9276 338.94816 339.92873 340.87124 341.77756 342.64944 343.48859 344.29662 345.07506 345.82537 346.54892 347.24702 347.92092 348.57179 349.20073 349.8088 350.397 350.96627 351.51751 352.05156 352.56922 353.07127 353.55843 354.03138 354.49079 354.93728 355.37144 355.79385 356.20505 356.60557
281.3433 283.19467 285.2022 287.33662 289.56885 291.87104 294.21734 296.58447 298.95197 301.30231 303.62087 305.89572 308.11745 310.27887 312.37473 314.40148 316.35695 318.24013 320.05096 321.79014 323.45894 325.0591 326.59266 328.06192 329.46933 330.81741 332.10875 333.34592 334.53146 335.66786 336.75753 337.80282 338.80596 339.76909 340.69426 341.58343 342.43842 343.261 344.05281 344.81542 345.55032 346.25889 346.94246 347.60226 348.23948 348.85522 349.45053 350.02639 350.58376 351.12349 351.64645 352.15342 352.64516 353.12238 353.58576 354.03595 354.47357 354.89919 355.31339 355.7167
