Progetto/32 Decenni/raster/01-10.asc
NCOLS 600
NROWS 600
XLLCORNER -124.215
YLLCORNER 32.5722
DX 0.01674
DY 0.01565
NODATA_VALUE -9999
[rows 156 to 181 of 600, columns 420 to 479 of 600]
564.7564 564.10523 563.45845 562.81602 562.17793 561.54414 560.91463 560.28937 559.66833 559.05148 558.4388 557.83027 557.22585 556.62552 556.02926 555.43703 554.84883 554.26461 553.68436 553.10806 552.53567 551.96718 551.40256 550.84179 550.28484 549.7317 549.18234 548.63673 548.09486 547.55671 547.02225 546.49146 545.96432 545.4408 544.9209 544.40458 543.89183 543.38263 542.87695 542.37477 541.87609 541.38087 540.8891 540.40075 539.91581 539.43426 538.95609 538.48126 538.00977 537.54159 537.07671 536.6151 536.15676 535.70165 535.24977 534.8011 534.35561 533.9133 533.47414 533.03811
564.1384 563.48736 562.84073 562.19848 561.56057 560.92698 560.29769 559.67267 559.05188 558.4353 557.82291 557.21467 556.61057 556.01057 555.41466 554.82279 554.23496 553.65114 553.07129 552.4954 551.92344 551.35539 550.79123 550.23093 549.67446 549.12181 548.57295 548.02786 547.48652 546.94891 546.415 545.88477 545.3582 544.83527 544.31596 543.80025 543.28812 542.77954 542.27449 541.77297 541.27494 540.78038 540.28928 539.80162 539.31737 538.83653 538.35906 537.88495 537.41419 536.94675 536.48261 536.02176 535.56417 535.10984 534.65873 534.21084 533.76615 533.32464 532.88628 532.45107
563.51461 562.86375 562.21732 561.57528 560.93762 560.30428 559.67526 559.05052 558.43003 557.81377 557.20171 556.59382 555.99008 555.39046 554.79493 554.20348 553.61606 553.03267 552.45327 551.87783 551.30635 550.73878 550.17511 549.61531 549.05937 548.50725 547.95893 547.4144 546.87362 546.33659 545.80326 545.27363 544.74767 544.22536 543.70668 543.19161 542.68012 542.1722 541.66783 541.16698 540.66963 540.17577 539.68538 539.19843 538.71491 538.2348 537.75807 537.28471 536.8147 536.34802 535.88466 535.42459 534.96779 534.51426 534.06396 533.61688 533.17301 532.73232 532.2948 531.86043
562.88498 562.23437 561.58819 560.94643 560.30904 559.67602 559.04731 558.4229 557.80277 557.18687 556.57519 555.96769 555.36436 554.76516 554.17007 553.57906 552.9921 552.40918 551.83027 551.25533 550.68436 550.11731 549.55418 548.99493 548.43954 547.88799 547.34026 546.79632 546.25614 545.71972 545.18702 544.65802 544.13271 543.61105 543.09303 542.57863 542.06783 541.5606 541.05693 540.55679 540.06016 539.56703 539.07738 538.59117 538.10841 537.62905 537.1531 536.68052 536.2113 535.74541 535.28285 534.82359 534.36761 533.9149 533.46544 533.0192 532.57617 532.13634 531.69968 531.26618
562.24951 561.59919 560.95332 560.31188 559.67483 559.04216 558.41382 557.7898 557.17006 556.55458 555.94332 555.33626 554.73338 554.13465 553.54004 552.94952 552.36307 551.78067 551.20228 550.62789 550.05746 549.49098 548.92843 548.36976 547.81497 547.26403 546.71692 546.17361 545.63407 545.0983 544.56626 544.03793 543.51329 542.99233 542.47501 541.96132 541.45123 540.94473 540.44179 539.94239 539.44652 538.95415 538.46526 537.97983 537.49785 537.01929 536.54414 536.07237 535.60396 535.1389 534.67717 534.21875 533.76362 533.31176 532.86316 532.41779 531.97564 531.53668 531.10091 530.66831
561.60816 560.95818 560.31268 559.67161 559.03496 558.40269 557.77477 557.15118 556.53189 555.91686 555.30608 554.69951 554.09713 553.49891 552.90482 552.31484 551.72894 551.1471 550.56928 549.99547 549.42564 548.85977 548.29783 547.73979 547.18564 546.63535 546.08889 545.54625 545.00739 544.4723 543.94096 543.41334 542.88942 542.36918 541.85259 541.33964 540.8303 540.32456 539.82239 539.32377 538.82868 538.3371 537.84902 537.3644 536.88323 536.4055 535.93117 535.46024 534.99268 534.52848 534.06761 533.61006 533.1558 532.70482 532.25711 531.81263 531.37138 530.93334 530.49849 530.0668
560.96091 560.31133 559.66624 559.0256 558.38939 557.75758 557.13013 556.50703 555.88823 555.27371 554.66345 554.05742 553.45558 552.85792 552.2644 551.675 551.0897 550.50846 549.93126 549.35807 548.78888 548.22366 547.66237 547.105 546.55153 546.00192 545.45616 544.91422 544.37608 543.84172 543.31111 542.78423 542.26106 541.74158 541.22577 540.71359 540.20504 539.70009 539.19872 538.70091 538.20664 537.71589 537.22863 536.74486 536.26454 535.78766 535.3142 534.84414 534.37745 533.91413 533.45415 532.9975 532.54415 532.09408 531.64728 531.20373 530.76341 530.3263 529.89239 529.46165
560.30773 559.65861 559.01399 558.37383 557.73812 557.10681 556.47989 555.85731 555.23906 554.62511 554.01542 553.40996 552.80872 552.21166 551.61876 551.02999 550.44532 549.86473 549.28819 548.71567 548.14716 547.58262 547.02203 546.46537 545.91262 545.36374 544.81871 544.27752 543.74014 543.20653 542.6767 542.1506 541.62822 541.10953 540.59452 540.08316 539.57543 539.07131 538.57077 538.07381 537.58038 537.09049 536.6041 536.1212 535.64176 535.16576 534.6932 534.22403 533.75826 533.29585 532.83679 532.38106 531.92864 531.47952 531.03366 530.59107 530.1517 529.71556 529.28262 528.85286
559.64861 558.99999 558.35589 557.71627 557.08111 556.45036 555.82401 555.20202 554.58437 553.97102 553.36195 552.75712 552.15652 551.56011 550.96787 550.37977 549.79579 549.21589 548.64005 548.06825 547.50046 546.93665 546.3768 545.82089 545.26889 544.72078 544.17653 543.63612 543.09953 542.56673 542.0377 541.51242 540.99086 540.47301 539.95884 539.44832 538.94145 538.43819 537.93852 537.44243 536.9499 536.46089 535.9754 535.4934 535.01487 534.5398 534.06816 533.59992 533.13509 532.67362 532.21551 531.76074 531.30928 530.86113 530.41625 529.97463 529.53625 529.1011 528.66915 528.2404
558.9835 558.33546 557.69193 557.05291 556.41834 555.78821 555.16248 554.54113 553.92412 553.31143 552.70302 552.09888 551.49897 550.90326 550.31173 549.72434 549.14109 548.56192 547.98683 547.41579 546.84876 546.28573 545.72666 545.17154 544.62034 544.07304 543.5296 542.99002 542.45426 541.92229 541.39411 540.86968 540.34899 539.832 539.31871 538.80908 538.30309 537.80073 537.30197 536.80679 536.31517 535.82709 535.34253 534.86147 534.38388 533.90975 533.43907 532.9718 532.50793 532.04744 531.59031 531.13652 530.68606 530.2389 529.79502 529.35441 528.91705 528.48292 528.052 527.62427
558.3124 557.66497 557.02209 556.3837 555.74979 555.12033 554.49528 553.87461 553.2583 552.64631 552.03863 551.43521 550.83604 550.24107 549.6503 549.06368 548.4812 547.90282 547.32852 546.75827 546.19205 545.62983 545.07159 544.51731 543.96694 543.42049 542.87791 542.33919 541.80429 541.27321 540.74591 540.22238 539.70258 539.1865 538.67411 538.1654 537.66034 537.15891 536.66109 536.16686 535.67619 535.18906 534.70547 534.22537 533.74876 533.27562 532.80592 532.33964 531.87677 531.41729 530.96117 530.50839 530.05895 529.61282 529.16997 528.7304 528.29408 527.861 527.43113 527.00446
557.63527 556.98853 556.34633 555.70864 555.07544 554.4467 553.82237 553.20245 552.58689 551.97566 551.36874 550.7661 550.16771 549.57354 548.98357 548.39776 547.8161 547.23855 546.66508 546.09568 545.53031 544.96895 544.41158 543.85817 543.30869 542.76312 542.22143 541.68361 541.14963 540.61946 540.09309 539.57048 539.05162 538.53648 538.02505 537.51729 537.01319 536.51273 536.01588 535.52262 535.03294 534.54681 534.0642 533.58511 533.10951 532.63738 532.1687 531.70345 531.2416 530.78315 530.32808 529.87635 529.42796 528.98288 528.54109 528.10259 527.66734 527.23533 526.80654 526.38096
556.95209 556.30608 555.66463 555.0277 554.39526 553.76729 553.14375 552.52462 551.90986 551.29944 550.69334 550.09152 549.49397 548.90064 548.31152 547.72657 547.14577 546.5691 545.99651 545.428 544.86352 544.30307 543.74661 543.19411 542.64555 542.10091 541.56016 541.02329 540.49025 539.96104 539.43563 538.91399 538.3961 537.88194 537.37149 536.86472 536.36162 535.86216 535.36632 534.87408 534.38541 533.9003 533.41873 532.94067 532.46611 531.99503 531.52739 531.0632 530.60242 530.14503 529.69103 529.24037 528.79306 528.34907 527.90838 527.47096 527.03682 526.60591 526.17823 525.75376
556.26285 555.61763 554.97698 554.34086 553.70924 553.0821 552.45939 551.8411 551.22719 550.61764 550.0124 549.41147 548.81479 548.22236 547.63413 547.05009 546.47021 545.89445 545.32279 544.75521 544.19168 543.63217 543.07665 542.52511 541.97752 541.43385 540.89408 540.35819 539.82614 539.29793 538.77351 538.25288 537.736 537.22286 536.71343 536.20769 535.70562 535.2072 534.7124 534.2212 533.73359 533.24954 532.76903 532.29204 531.81856 531.34855 530.882 530.41889 529.9592 529.50291 529.05001 528.60046 528.15426 527.71138 527.27181 526.83552 526.4025 525.97273 525.54619 525.12286
555.5675 554.92313 554.28334 553.64809 553.01735 552.39108 551.76927 551.15188 550.53887 549.93023 549.32592 548.7259 548.13017 547.53867 546.95139 546.3683 545.78938 545.21458 544.6439 544.0773 543.51475 542.95623 542.40171 541.85117 541.30459 540.76193 540.22318 539.68831 539.15729 538.63011 538.10673 537.58714 537.07131 536.55922 536.05085 535.54618 535.04518 534.54783 534.05411 533.56399 533.07747 532.59451 532.1151 531.63921 531.16683 530.69793 530.2325 529.77051 529.31194 528.85678 528.40501 527.9566 527.51154 527.0698 526.63138 526.19624 525.76438 525.33577 524.9104 524.48824
554.86604 554.22258 553.5837 552.94937 552.31956 551.69424 551.07337 550.45693 549.84488 549.2372 548.63386 548.03482 547.44007 546.84956 546.26328 545.68119 545.10327 544.52949 543.95982 543.39424 542.83272 542.27524 541.72176 541.17227 540.62673 540.08513 539.54744 539.01363 538.48368 537.95757 537.43527 536.91676 536.40202 535.89103 535.38375 534.88018 534.38028 533.88404 533.39143 532.90244 532.41703 531.9352 531.45692 530.98217 530.51092 530.04317 529.57888 529.11804 528.66063 528.20663 527.75602 527.30878 526.86489 526.42433 525.98708 525.55313 525.12245 524.69503 524.27085 523.84989
554.15843 553.51594 552.87803 552.24468 551.61586 550.99153 550.37166 549.75622 549.14519 548.53852 547.9362 547.3382 546.74447 546.15501 545.56977 544.98873 544.41187 543.83915 543.27054 542.70603 542.14559 541.58918 541.03678 540.48838 539.94394 539.40343 538.86684 538.33413 537.80529 537.2803 536.75912 536.24173 535.72811 535.21825 534.71211 534.20967 533.71091 533.21582 532.72436 532.23652 531.75227 531.2716 530.79448 530.3209 529.85083 529.38425 528.92114 528.46148 528.00526 527.55245 527.10303 526.65698 526.2143 525.77494 525.3389 524.90616 524.4767 524.0505 523.62754 523.20781
553.44465 552.80319 552.16632 551.53401 550.90622 550.28294 549.66413 549.04975 548.43978 547.83419 547.23294 546.63601 546.04337 545.455 544.87085 544.29091 543.71515 543.14354 542.57604 542.01265 541.45332 540.89804 540.34677 539.7995 539.25619 538.71682 538.18137 537.64981 537.12212 536.59828 536.07826 535.56203 535.04958 534.54088 534.03591 533.53465 533.03707 532.54315 532.05288 531.56623 531.08317 530.6037 530.12778 529.65539 529.18653 528.72115 528.25926 527.80082 527.34581 526.89422 526.44603 526.00121 525.55976 525.12164 524.68684 524.25534 523.82712 523.40217 522.98047 522.56198
552.72469 552.08431 551.44853 550.81731 550.19063 549.56845 548.95075 548.33749 547.72863 547.12416 546.52405 545.92825 545.33675 544.74951 544.16651 543.58771 543.0131 542.44264 541.87631 541.31407 540.75591 540.2018 539.6517 539.1056 538.56347 538.02529 537.49102 536.96065 536.43415 535.9115 535.39267 534.87765 534.3664 533.85891 533.35515 532.8551 532.35873 531.86604 531.37698 530.89155 530.40973 529.93148 529.45679 528.98564 528.51801 528.05388 527.59323 527.13604 526.68228 526.23195 525.78501 525.34145 524.90126 524.46441 524.03088 523.60065 523.17371 522.75003 522.3296 521.91241
551.99851 551.35927 550.72464 550.09458 549.46906 548.84804 548.2315 547.61941 547.01173 546.40844 545.8095 545.21489 544.62457 544.03853 543.45672 542.87912 542.30571 541.73645 541.17132 540.6103 540.05334 539.50044 538.95156 538.40668 537.86577 537.32881 536.79577 536.26663 535.74137 535.21995 534.70236 534.18857 533.67857 533.17232 532.6698 532.171 531.67589 531.18445 530.69665 530.21248 529.73192 529.25493 528.78151 528.31164 527.84528 527.38242 526.92305 526.46713 526.01466 525.56561 525.11996 524.6777 524.23879 523.80324 523.371 522.94208 522.51644 522.09407 521.67495 521.25907
551.26609 550.62806 549.99464 549.36579 548.74149 548.12169 547.50637 546.8955 546.28905 545.68699 545.08929 544.49591 543.90683 543.32203 542.74146 542.16511 541.59295 541.02494 540.46107 539.9013 539.3456 538.79396 538.24634 537.70272 537.16308 536.62739 536.09562 535.56775 535.04376 534.52361 534.0073 533.49479 532.98607 532.4811 531.97987 531.48236 530.98854 530.49838 530.01188 529.52901 529.04974 528.57405 528.10193 527.63336 527.16831 526.70676 526.2487 525.7941 525.34294 524.8952 524.45087 524.00993 523.57235 523.13812 522.70722 522.27962 521.85532 521.43429 521.01651 520.60196
550.52741 549.89065 549.2585 548.63092 548.00789 547.38937 546.77533 546.16575 545.56058 544.9598 544.36339 543.7713 543.18351 542.6 542.02073 541.44568 540.87481 540.3081 539.74553 539.18706 538.63267 538.08233 537.53602 536.99371 536.45538 535.92099 535.39054 534.86398 534.3413 533.82248 533.30748 532.79629 532.28889 531.78524 531.28534 530.78915 530.29665 529.80783 529.32265 528.84111 528.36317 527.88883 527.41804 526.95081 526.48709 526.02689 525.57017 525.11691 524.6671 524.22072 523.77774 523.33815 522.90192 522.46905 522.0395 521.61327 521.19033 520.77066 520.35425 519.94107
549.78245 549.14702 548.5162 547.88995 547.26825 546.65107 546.03837 545.43012 544.82629 544.22685 543.63178 543.04103 542.45459 541.87242 541.2945 540.72079 540.15127 539.58591 539.02469 538.46757 537.91453 537.36554 536.82059 536.27963 535.74265 535.20962 534.68052 534.15532 533.634 533.11653 532.60289 532.09306 531.58702 531.08473 530.58619 530.09136 529.60023 529.11277 528.62896 528.14879 527.67222 527.19924 526.72983 526.26396 525.80163 525.34279 524.88745 524.43557 523.98714 523.54214 523.10054 522.66233 522.2275 521.79601 521.36786 520.94301 520.52147 520.10319 519.68818 519.2764
549.03118 548.39714 547.76771 547.14285 546.52255 545.90676 545.29545 544.6886 544.08616 543.48812 542.89444 542.3051 541.72005 541.13928 540.56275 539.99044 539.42232 538.85836 538.29853 537.74281 537.19117 536.64358 536.10002 535.56046 535.02488 534.49325 533.96555 533.44175 532.92182 532.40576 531.89352 531.38509 530.88044 530.37956 529.88241 529.38899 528.89926 528.4132 527.9308 527.45202 526.97686 526.50528 526.03728 525.57282 525.11189 524.65447 524.20053 523.75007 523.30305 522.85946 522.41928 521.98249 521.54907 521.119 520.69226 520.26884 519.84872 519.43187 519.01828 518.60793
548.27357 547.64099 547.01301 546.38961 545.77076 545.15642 544.54657 543.94116 543.34018 542.74359 542.15137 541.56347 540.97987 540.40055 539.82548 539.25461 538.68794 538.12543 537.56705 537.01277 536.46258 535.91643 535.37432 534.8362 534.30206 533.77188 533.24561 532.72325 532.20477 531.69014 531.17935 530.67236 530.16915 529.66971 529.174 528.68202 528.19372 527.70911 527.22814 526.75081 526.27708 525.80695 525.34039 524.87737 524.41788 523.9619 523.50941 523.06039 522.61481 522.17267 521.73393 521.29859 520.86662 520.438 520.01272 519.59075 519.17208 518.75669 518.34455 517.93566
547.50962 546.87855 546.25208 545.6302 545.01286 544.40003 543.79169 543.1878 542.58833 541.99325 541.40252 540.81613 540.23404 539.65622 539.08265 538.51329 537.94811 537.3871 536.83021 536.27743 535.72873 535.18408 534.64345 534.10683 533.57418 533.04548 532.5207 531.99983 531.48283 530.96968 530.46037 529.95486 529.45313 528.95517 528.46094 527.97043 527.48362 527.00048 526.52099 526.04513 525.57288 525.10423 524.63914 524.1776 523.71958 523.26508 522.81407 522.36652 521.92242 521.48176 521.0445 520.61064 520.18015 519.75301 519.32921 518.90872 518.49154 518.07763 517.66698 517.25958
