Progetto/32 Decenni/raster/01-10.asc
NCOLS 600
NROWS 600
XLLCORNER -124.215
YLLCORNER 32.5722
DX 0.01674
DY 0.01565
NODATA_VALUE -9999
[rows 572 to 597 of 600, columns 0 to 59 of 600]
537.25132 536.8934 536.53396 536.173 535.81051 535.44648 535.08092 534.71383 534.34519 533.97501 533.60328 533.22999 532.85516 532.47877 532.10082 531.7213 531.34022 530.95757 530.57335 530.18755 529.80018 529.41123 529.02069 528.62856 528.23485 527.83955 527.44265 527.04416 526.64407 526.24238 525.83908 525.43418 525.02767 524.61955 524.20982 523.79847 523.38551 522.97093 522.55473 522.13691 521.71746 521.29639 520.87369 520.44937 520.02341 519.59582 519.16661 518.73575 518.30327 517.86915 517.43339 516.99599 516.55696 516.11629 515.67398 515.23004 514.78445 514.33722 513.88836 513.43786
536.99749 536.63993 536.28086 535.92027 535.55816 535.19452 534.82936 534.46267 534.09444 533.72467 533.35336 532.98051 532.60612 532.23017 531.85267 531.47362 531.09301 530.71083 530.32709 529.94179 529.55491 529.16646 528.77644 528.38484 527.99166 527.59689 527.20054 526.8026 526.40307 526.00195 525.59923 525.19492 524.78901 524.38149 523.97237 523.56165 523.14932 522.73538 522.31983 521.90266 521.48388 521.06349 520.64148 520.21784 519.79259 519.36572 518.93722 518.5071 518.07536 517.64199 517.20699 516.77037 516.33212 515.89224 515.45073 515.0076 514.56284 514.11644 513.66842 513.21877
536.74496 536.38777 536.02907 535.66886 535.30713 534.94389 534.57912 534.21284 533.84502 533.47567 533.10479 532.73238 532.35842 531.98292 531.60588 531.22729 530.84714 530.46545 530.08219 529.69738 529.311 528.92306 528.53356 528.14248 527.74983 527.3556 526.9598 526.56242 526.16345 525.7629 525.36077 524.95704 524.55173 524.14482 523.73632 523.32622 522.91452 522.50122 522.08632 521.66981 521.2517 520.83198 520.41066 519.98772 519.56317 519.13702 518.70924 518.27986 517.84886 517.41624 516.98201 516.54616 516.10869 515.6696 515.2289 514.78657 514.34263 513.89707 513.44989 513.0011
536.49375 536.13693 535.7786 535.41877 535.05743 534.69458 534.33021 533.96433 533.59693 533.228 532.85755 532.48557 532.11206 531.73701 531.36042 530.9823 530.60263 530.22141 529.83864 529.45432 529.06845 528.68102 528.29203 527.90148 527.50936 527.11568 526.72043 526.3236 525.92521 525.52523 525.12368 524.72054 524.31583 523.90953 523.50164 523.09217 522.6811 522.26845 521.8542 521.43835 521.02091 520.60187 520.18123 519.75899 519.33515 518.90971 518.48266 518.05401 517.62375 517.19189 516.75842 516.32334 515.88666 515.44836 515.00846 514.56695 514.12383 513.6791 513.23277 512.78483
536.24385 535.88739 535.52944 535.16999 534.80904 534.44659 534.08262 533.71715 533.35017 532.98166 532.61164 532.2401 531.86703 531.49244 531.11631 530.73865 530.35945 529.97872 529.59644 529.21262 528.82725 528.44033 528.05186 527.66184 527.27026 526.87712 526.48242 526.08615 525.68832 525.28892 524.88796 524.48542 524.0813 523.67561 523.26834 522.85949 522.44906 522.03705 521.62346 521.20827 520.7915 520.37314 519.95319 519.53165 519.10852 518.68379 518.25747 517.82956 517.40004 516.96893 516.53623 516.10192 515.66602 515.22852 514.78942 514.34873 513.90643 513.46254 513.01704 512.56995
535.99524 535.63916 535.28158 534.92252 534.56196 534.1999 533.83635 533.47129 533.10472 532.73664 532.36706 531.99595 531.62333 531.24919 530.87353 530.49633 530.11761 529.73736 529.35558 528.97225 528.58739 528.20099 527.81304 527.42355 527.03251 526.63991 526.24576 525.85006 525.4528 525.05398 524.6536 524.25165 523.84814 523.44306 523.03641 522.62819 522.2184 521.80703 521.39409 520.97957 520.56347 520.1458 519.72654 519.30569 518.88327 518.45926 518.03367 517.60649 517.17772 516.74737 516.31543 515.8819 515.44678 515.01007 514.57178 514.13189 513.69042 513.24736 512.80271 512.35647
535.74793 535.39222 535.03503 534.67635 534.31618 533.95453 533.59138 533.22673 532.86059 532.49294 532.12379 531.75313 531.38096 531.00727 530.63207 530.25535 529.87711 529.49734 529.11605 528.73323 528.34888 527.96299 527.57556 527.1866 526.7961 526.40405 526.01046 525.61532 525.21863 524.82039 524.4206 524.01925 523.61634 523.21187 522.80585 522.39826 521.9891 521.57838 521.1661 520.75224 520.33682 519.91982 519.50125 519.08111 518.6594 518.23611 517.81124 517.3848 516.95678 516.52718 516.096 515.66325 515.22892 514.793 514.35551 513.91644 513.47579 513.03357 512.58976 512.14438
535.50191 535.14658 534.78977 534.43148 534.07171 533.71046 533.34772 532.98349 532.61777 532.25055 531.88183 531.51162 531.1399 530.76667 530.39194 530.01569 529.63793 529.25865 528.87785 528.49554 528.11169 527.72632 527.33943 526.951 526.56104 526.16954 525.7765 525.38193 524.98581 524.58815 524.18895 523.7882 523.3859 522.98204 522.57664 522.16968 521.76117 521.3511 520.93947 520.52628 520.11153 519.69521 519.27734 518.8579 518.43689 518.01432 517.59019 517.16448 516.73721 516.30837 515.87796 515.44598 515.01243 514.57731 514.14063 513.70237 513.26255 512.82115 512.37819 511.93366
535.25718 534.90222 534.5458 534.1879 533.82853 533.46768 533.10535 532.74154 532.37625 532.00946 531.64119 531.27142 530.90015 530.52739 530.15312 529.77735 529.40007 529.02128 528.64098 528.25917 527.87584 527.49099 527.10462 526.71673 526.32731 525.93636 525.54389 525.14988 524.75434 524.35726 523.95865 523.55849 523.1568 522.75356 522.34878 521.94246 521.53459 521.12516 520.71419 520.30167 519.8876 519.47197 519.05479 518.63605 518.21576 517.79391 517.3705 516.94553 516.51901 516.09092 515.66128 515.23008 514.79732 514.36299 513.92711 513.48967 513.05067 512.61011 512.16799 511.72432
535.01372 534.65915 534.30311 533.94561 533.58664 533.2262 532.86429 532.5009 532.13603 531.76968 531.40185 531.03252 530.66171 530.28941 529.91561 529.54032 529.16353 528.78523 528.40543 528.02412 527.64131 527.25698 526.87114 526.48379 526.09491 525.70452 525.3126 524.91916 524.5242 524.12771 523.72969 523.33013 522.92905 522.52643 522.12228 521.71658 521.30935 520.90058 520.49027 520.07842 519.66502 519.25008 518.83359 518.41556 517.99598 517.57485 517.15217 516.72794 516.30217 515.87484 515.44597 515.01554 514.58356 514.15004 513.71496 513.27833 512.84016 512.40043 511.95916 511.51634
534.77155 534.41736 534.06171 533.7046 533.34604 532.98601 532.62451 532.26154 531.8971 531.53119 531.1638 530.79493 530.42458 530.05274 529.67942 529.3046 528.92829 528.55049 528.17119 527.7904 527.4081 527.02429 526.63898 526.25217 525.86384 525.474 525.08265 524.68978 524.29539 523.89949 523.50206 523.10311 522.70264 522.30064 521.89711 521.49205 521.08547 520.67735 520.2677 519.85651 519.44379 519.02954 518.61375 518.19642 517.77755 517.35714 516.9352 516.51171 516.08668 515.66012 515.23201 514.80236 514.37117 513.93844 513.50417 513.06835 512.631 512.19211 511.75168 511.30971
534.53064 534.17684 533.82158 533.46487 533.10671 532.74709 532.38602 532.02348 531.65947 531.294 530.92705 530.55863 530.18874 529.81737 529.44452 529.07019 528.69437 528.31706 527.93827 527.55798 527.1762 526.79292 526.40814 526.02187 525.63409 525.24481 524.85402 524.46172 524.06791 523.6726 523.27577 522.87742 522.47756 522.07618 521.67328 521.26886 520.86292 520.45545 520.04646 519.63595 519.22391 518.81034 518.39525 517.97862 517.56047 517.14078 516.71957 516.29682 515.87255 515.44674 515.0194 514.59053 514.16013 513.72819 513.29472 512.85973 512.4232 511.98514 511.54556 511.10444
534.29101 533.93759 533.58273 533.22642 532.86867 532.50946 532.1488 531.78669 531.42312 531.05809 530.69159 530.32363 529.9542 529.5833 529.21092 528.83707 528.46174 528.08493 527.70664 527.32687 526.94561 526.56286 526.17862 525.79288 525.40565 525.01693 524.62671 524.23498 523.84176 523.44703 523.05079 522.65305 522.2538 521.85305 521.45078 521.04699 520.6417 520.23489 519.82656 519.41672 519.00536 518.59248 518.17808 517.76216 517.34473 516.92577 516.50528 516.08328 515.65975 515.23471 514.80814 514.38004 513.95043 513.51929 513.08663 512.65245 512.21674 511.77952 511.34078 510.90052
534.05263 533.6996 533.34514 532.98923 532.63189 532.2731 531.91287 531.55118 531.18805 530.82346 530.45741 530.08991 529.72094 529.35051 528.97861 528.60525 528.23041 527.8541 527.47632 527.09706 526.71632 526.3341 525.95039 525.5652 525.17853 524.79036 524.40071 524.00956 523.61691 523.22278 522.82714 522.43001 522.03137 521.63124 521.2296 520.82645 520.42181 520.01565 519.60799 519.19882 518.78814 518.37595 517.96225 517.54704 517.13032 516.71208 516.29233 515.87107 515.4483 515.02401 514.59821 514.17089 513.74206 513.31172 512.87987 512.4465 512.01163 511.57524 511.13734 510.69793
533.81551 533.46288 533.10881 532.75331 532.39638 532.03801 531.6782 531.31695 530.95425 530.59011 530.22451 529.85747 529.48897 529.11901 528.74759 528.37471 528.00037 527.62456 527.24729 526.86854 526.48833 526.10664 525.72347 525.33883 524.9527 524.5651 524.17601 523.78544 523.39338 522.99984 522.6048 522.20827 521.81025 521.41074 521.00974 520.60723 520.20323 519.79774 519.39074 518.98224 518.57225 518.16075 517.74775 517.33325 516.91724 516.49973 516.08071 515.6602 515.23817 514.81464 514.38961 513.96308 513.53504 513.10549 512.67444 512.24189 511.80784 511.37228 510.93523 510.49667
533.57965 533.22741 532.87374 532.51865 532.16213 531.80418 531.4448 531.08398 530.72172 530.35803 529.99289 529.6263 529.25827 528.88879 528.51785 528.14546 527.77162 527.39631 527.01955 526.64132 526.26163 525.88047 525.49784 525.11375 524.72818 524.34114 523.95262 523.56263 523.17115 522.7782 522.38377 521.98785 521.59045 521.19156 520.79119 520.38933 519.98598 519.58114 519.17481 518.76699 518.35767 517.94687 517.53456 517.12077 516.70548 516.2887 515.87042 515.45064 515.02937 514.6066 514.18234 513.75658 513.32933 512.90058 512.47034 512.03861 511.60538 511.17066 510.73445 510.29674
533.34504 532.99319 532.63993 532.28524 531.92914 531.57161 531.21266 530.85228 530.49046 530.12721 529.76253 529.39641 529.02884 528.65984 528.28939 527.91749 527.54414 527.16934 526.79309 526.41538 526.03622 525.65559 525.27351 524.88996 524.50495 524.11847 523.73052 523.34111 522.95022 522.55787 522.16403 521.76873 521.37195 520.97369 520.57395 520.17273 519.77003 519.36585 518.96019 518.55304 518.14441 517.7343 517.3227 516.90961 516.49504 516.07898 515.66144 515.24241 514.82189 514.39988 513.97639 513.55141 513.12495 512.697 512.26756 511.83664 511.40424 510.97035 510.53498 510.09813
533.11166 532.76022 532.40736 532.05309 531.6974 531.3403 530.98178 530.62183 530.26046 529.89766 529.53344 529.16778 528.80069 528.43216 528.06219 527.69079 527.31794 526.94365 526.56791 526.19072 525.81209 525.432 525.05046 524.66746 524.283 523.89709 523.50972 523.12089 522.73059 522.33883 521.9456 521.5509 521.15474 520.75711 520.35801 519.95743 519.55538 519.15186 518.74687 518.3404 517.93245 517.52303 517.11214 516.69976 516.28591 515.87058 515.45377 515.03548 514.61572 514.19447 513.77175 513.34755 512.92188 512.49472 512.0661 511.63599 511.20441 510.77136 510.33683 509.90084
532.87953 532.52848 532.17603 531.82218 531.46691 531.11023 530.75214 530.39264 530.03171 529.66937 529.3056 528.94041 528.57379 528.20575 527.83627 527.46536 527.09301 526.71922 526.344 525.96734 525.58923 525.20968 524.82868 524.44624 524.06234 523.677 523.2902 522.90195 522.51224 522.12108 521.72845 521.33437 520.93883 520.54183 520.14336 519.74343 519.34204 518.93918 518.53485 518.12906 517.7218 517.31307 516.90288 516.49121 516.07808 515.66348 515.2474 514.82986 514.41085 513.99037 513.56842 513.145 512.72011 512.29376 511.86594 511.43665 511.00589 510.57367 510.13999 509.70484
532.64863 532.29799 531.94595 531.59251 531.23766 530.88141 530.52376 530.16469 529.80422 529.44233 529.07902 528.7143 528.34816 527.98059 527.6116 527.24119 526.86934 526.49607 526.12136 525.74522 525.36765 524.98864 524.60818 524.22629 523.84296 523.45818 523.07196 522.68429 522.29518 521.90461 521.51259 521.11913 520.72421 520.32783 519.93001 519.53072 519.12998 518.72778 518.32413 517.91901 517.51244 517.10441 516.69492 516.28396 515.87155 515.45767 515.04234 514.62554 514.20728 513.78757 513.36639 512.94375 512.51965 512.09409 511.66708 511.2386 510.80867 510.37729 509.94445 509.51015
532.41896 532.06872 531.71709 531.36407 531.00965 530.65383 530.29661 529.93799 529.57797 529.21653 528.85369 528.48944 528.12377 527.75669 527.38819 527.01827 526.64693 526.27417 525.89999 525.52437 525.14733 524.76886 524.38896 524.00762 523.62485 523.24064 522.855 522.46791 522.07939 521.68942 521.29801 520.90516 520.51087 520.11512 519.71793 519.3193 518.91921 518.51768 518.11469 517.71026 517.30437 516.89703 516.48825 516.078 515.66631 515.25316 514.83857 514.42252 514.00501 513.58606 513.16565 512.74379 512.32048 511.89572 511.46951 511.04186 510.61275 510.1822 509.7502 509.31675
532.19052 531.84069 531.48947 531.13687 530.78287 530.42749 530.07071 529.71253 529.35296 528.99198 528.62961 528.26582 527.90064 527.53404 527.16603 526.79662 526.42578 526.05353 525.67987 525.30478 524.92827 524.55034 524.17099 523.79021 523.408 523.02437 522.6393 522.2528 521.86487 521.47551 521.08471 520.69247 520.2988 519.90369 519.50714 519.10915 518.70972 518.30885 517.90654 517.50278 517.09759 516.69094 516.28286 515.87333 515.46236 515.04994 514.63608 514.22078 513.80403 513.38584 512.9662 512.54512 512.1226 511.69864 511.27324 510.84639 510.41811 509.98839 509.55724 509.12464
531.9633 531.61387 531.26307 530.91089 530.55732 530.20237 529.84603 529.4883 529.12918 528.76867 528.40676 528.04345 527.67874 527.31263 526.94512 526.5762 526.20588 525.83414 525.461 525.08644 524.71047 524.33309 523.95428 523.57406 523.19242 522.80935 522.42487 522.03896 521.65162 521.26286 520.87267 520.48105 520.08801 519.69353 519.29762 518.90028 518.50151 518.1013 517.69966 517.29659 516.89208 516.48613 516.07875 515.66994 515.25969 514.848 514.43488 514.02032 513.60433 513.1869 512.76803 512.34774 511.92601 511.50284 511.07824 510.65222 510.22476 509.79587 509.36556 508.93381
531.73729 531.38828 531.03789 530.68613 530.33299 529.97848 529.62258 529.2653 528.90664 528.54658 528.18514 527.82231 527.45809 527.09247 526.72545 526.35704 525.98722 525.616 525.24338 524.86935 524.49392 524.11708 523.73883 523.35916 522.97809 522.5956 522.21169 521.82637 521.43963 521.05148 520.6619 520.2709 519.87848 519.48464 519.08937 518.69268 518.29456 517.89502 517.49406 517.09166 516.68784 516.2826 515.87592 515.46782 515.05829 514.64733 514.23495 513.82114 513.4059 512.98923 512.57114 512.15163 511.73068 511.30832 510.88453 510.45932 510.03268 509.60463 509.17515 508.74426
531.5125 531.16389 530.81393 530.46259 530.10989 529.75581 529.40035 529.04353 528.68532 528.32573 527.96476 527.6024 527.23866 526.87353 526.50702 526.1391 525.7698 525.3991 525.027 524.65351 524.27862 523.90232 523.52462 523.14552 522.76501 522.3831 521.99977 521.61504 521.2289 520.84135 520.45238 520.062 519.67021 519.277 518.88238 518.48634 518.08888 517.69001 517.28971 516.888 516.48487 516.08032 515.67436 515.26697 514.85816 514.44794 514.03629 513.62323 513.20874 512.79284 512.37552 511.95679 511.53663 511.11507 510.69208 510.26768 509.84187 509.41465 508.98602 508.55598
531.28891 530.94072 530.59117 530.24026 529.88799 529.53435 529.17935 528.82297 528.46522 528.1061 527.7456 527.38372 527.02047 526.65583 526.28981 525.92241 525.55361 525.18343 524.81186 524.4389 524.06455 523.6888 523.31166 522.93312 522.55318 522.17184 521.7891 521.40496 521.01942 520.63247 520.24412 519.85436 519.4632 519.07062 518.67664 518.28126 517.88446 517.48625 517.08663 516.6856 516.28317 515.87932 515.47405 515.06738 514.6593 514.2498 513.8389 513.42658 513.01285 512.59772 512.18117 511.76321 511.34385 510.92308 510.5009 510.07732 509.65233 509.22594 508.79815 508.36895
