Progetto/32 Decenni/raster/01-10.asc
NCOLS 600
NROWS 600
XLLCORNER -124.215
YLLCORNER 32.5722
DX 0.01674
DY 0.01565
NODATA_VALUE -9999
[rows 494 to 519 of 600, columns 420 to 479 of 600]
818.16232 761.25028 689.94029 624.71155 572.05506 531.7747 501.81897 480.15619 465.28195 456.26465 452.66124 454.36884 461.34384 473.04444 487.54851 500.87535 507.88212 505.22276 493.61795 476.69467 458.19886 440.4972 424.6081 410.73906 398.73142 388.30836 379.1867 371.11788 363.89756 357.36283 351.38583 345.86696 340.72888 335.91155 331.36819 327.06206 322.96382 319.04937 315.29814 311.69159 308.21206 304.84189 301.56258 298.35433 295.1955 292.06235 288.92868 285.76555 282.54099 279.21957 275.76199 272.12452 268.25845 264.10963 259.61825 254.71918 249.3434 243.42141 236.88959 229.70134
717.57085 683.75895 635.65678 588.10172 547.47847 515.0853 490.2566 471.90866 459.11419 451.25742 448.02669 449.31396 454.98512 464.43819 475.96758 486.3712 491.71232 489.42116 479.87938 465.7071 449.82215 434.23416 419.92589 407.1948 395.99152 386.13092 377.39786 369.59205 362.5429 356.1113 350.18654 344.68167 339.52909 334.67645 330.0833 325.71818 321.5562 317.57703 313.76314 310.09837 306.5668 303.15175 299.83511 296.59676 293.41422 290.26232 287.11295 283.93482 280.69309 277.34896 273.85907 270.17475 266.24118 261.99644 257.3707 252.28585 246.65614 240.3907 233.39949 225.60485
619.70062 605.32595 578.17574 547.75344 519.52016 495.63098 476.51372 461.93625 451.52982 444.99727 442.1619 442.91348 447.042 453.93106 462.1722 469.41158 472.9273 470.92948 463.52021 452.34316 439.42811 426.33598 413.95146 402.63815 392.45602 383.3212 375.09796 367.64423 360.83111 354.54936 348.70985 343.24174 338.08971 333.21122 328.5738 324.15269 319.92868 315.88617 312.01152 308.29161 304.71269 301.25942 297.91419 294.65665 291.46339 288.30772 285.15951 281.98503 278.74659 275.40209 271.90438 268.20022 264.22919 259.9222 255.20007 249.97231 244.13663 237.58035 230.18525 221.83869
541.7838 539.15007 526.5067 509.35405 491.6314 475.48074 461.83731 451.0088 443.03717 437.88123 435.4829 435.7475 438.44001 443.00101 448.34979 452.86671 454.78604 452.93085 447.24669 438.66045 428.46536 417.7789 407.33121 397.4973 388.41186 380.07489 372.42304 365.37075 358.8314 352.72697 346.9916 341.57211 336.42701 331.52491 326.84266 322.36339 318.07464 313.96654 310.03015 306.25607 302.63316 299.1477 295.78271 292.51752 289.32765 286.18468 283.05628 279.90611 276.69363 273.37361 269.89541 266.20187 262.22776 257.898 253.12546 247.8089 241.83129 235.0598 227.34904 218.55101
485.50653 488.06331 483.88282 475.73882 465.96392 456.15215 447.26681 439.84343 434.15937 430.34371 428.43025 428.35702 429.91304 432.64497 435.77583 438.24052 438.93248 437.09932 432.62789 426.00033 417.99012 409.34661 400.62637 392.16785 384.1373 376.58902 369.51421 362.87388 356.6185 350.69884 345.07136 339.70048 334.55895 329.6273 324.89259 320.34686 315.98545 311.80517 307.80267 303.97289 300.30783 296.79558 293.41978 290.15931 286.98829 283.87624 280.78826 277.6852 274.52355 271.25512 267.82624 264.17654 260.23723 255.92881 251.1584 245.81674 239.77551 232.88573 224.97941 215.87764
445.68452 449.52708 449.85642 447.52075 443.4491 438.53875 433.54526 429.03257 425.37916 422.80898 421.41936 421.18868 421.95774 423.39367 424.96851 426.00448 425.82111 423.94409 420.25639 414.99266 408.59645 401.54706 394.24326 386.96202 379.86744 373.03933 366.50289 360.25222 354.26652 348.52038 342.98981 337.65545 332.50391 327.52782 322.7251 318.09764 313.64958 309.38549 305.3085 301.41867 297.71156 294.17728 290.79999 287.55774 284.42277 281.36196 278.33731 275.30643 272.22269 269.03502 265.68718 262.11655 258.25215 254.01214 249.30064 244.00413 237.98784 231.09303 223.13704 213.9197
415.81103 419.5721 422.57969 424.19146 424.24632 423.0552 421.14142 419.02273 417.10531 415.65675 414.81297 414.58969 414.88523 415.47641 416.02368 416.10958 415.32364 413.37208 410.15875 405.79201 400.52048 394.64182 388.42928 382.09418 375.77902 369.56769 363.50143 357.59409 351.84439 346.24465 340.78664 335.46511 330.27955 325.23463 320.33966 315.60728 311.05162 306.68619 302.52174 298.56425 294.81336 291.26132 287.89252 284.68363 281.60422 278.61762 275.68194 272.75092 269.77441 266.69848 263.46482 260.00948 256.26089 252.13717 247.54264 242.36388 236.4656 229.68718 221.84181 212.72174
390.56432 394.82571 400.24703 404.98986 408.19204 409.83749 410.32192 410.1275 409.66219 409.20715 408.91576 408.82976 408.89562 408.97723 408.87073 408.33236 407.12535 405.07679 402.12112 398.3092 393.78091 388.71882 383.30456 377.6909 371.99085 366.27909 360.59944 354.9743 349.41333 343.92049 338.49927 333.15608 327.90213 322.75397 317.7329 312.86345 308.17116 303.68003 299.40977 295.37334 291.57504 288.00926 284.66017 281.50215 278.5009 275.61496 272.79731 269.99685 267.15934 264.22784 261.14232 257.83848 254.24581 250.28475 245.86318 240.87235 235.18263 228.63996 221.06484 212.25714
367.20317 373.54002 381.84935 389.40167 395.09514 398.89901 401.22361 402.55506 403.29693 403.72376 403.98576 404.13291 404.14187 403.93824 403.41392 402.44453 400.91188 398.73058 395.86997 392.36146 388.28813 383.76242 378.902 373.81151 368.57317 363.24509 357.86459 352.4539 347.0264 341.59219 336.1626 330.75333 325.38623 320.08975 314.89804 309.84906 304.9817 300.33244 295.93176 291.80096 287.94966 284.37437 281.05824 277.97202 275.07582 272.32154 269.65535 267.0199 264.35594 261.60318 258.70013 255.58305 252.18405 248.42823 244.23024 239.49028 234.09015 227.8901 220.72829 212.42605
346.61954 356.11675 367.42669 377.31157 384.84534 390.2056 393.90046 396.43522 398.19651 399.42974 400.257 400.71211 400.77855 400.41997 399.59777 398.27805 396.4349 394.05594 391.14946 387.74881 383.91005 379.70324 375.20113 370.46924 365.55992 360.51075 355.34636 350.08232 344.72982 339.30036 333.80969 328.28071 322.74511 317.24357 311.82452 306.54151 301.44943 296.59996 292.03683 287.79147 283.87972 280.3 277.0333 274.04471 271.28633 268.70084 266.22519 263.79389 261.34138 258.8034 256.11714 253.22027 250.04898 246.53517 242.60311 238.16562 233.12065 227.34877 220.71355 213.06756
333.02765 344.64258 357.69057 368.81216 377.35332 383.67561 388.34194 391.84024 394.50857 396.53159 397.96952 398.80594 399.00182 398.53824 397.43447 395.74116 393.52188 390.83787 387.74251 384.28309 380.50397 376.44739 372.15167 367.64841 362.96059 358.10245 353.08135 347.90103 342.56568 337.08414 331.47358 325.76238 319.99168 314.2153 308.49803 302.91208 297.53202 292.42854 287.66203 283.2765 279.29513 275.71792 272.52192 269.66376 267.08403 264.71258 262.47393 260.29184 258.09273 255.80755 253.37218 250.72644 247.81203 244.56959 240.93539 236.83773 232.19399 226.90888 220.87566 213.98279
329.74085 340.55098 352.93968 363.76859 372.40099 379.14226 384.47443 388.79846 392.36088 395.24554 397.4037 398.71828 399.08712 398.49108 397.01427 394.81295 392.06166 388.90995 385.46442 381.79125 377.92724 373.89053 369.68757 365.31668 360.77004 356.03551 351.09908 345.9482 340.5758 334.98441 329.19003 323.22516 317.14038 311.00424 304.90094 298.9256 293.17755 287.75182 282.73011 278.17244 274.11088 270.54641 267.44951 264.76428 262.41491 260.31353 258.36784 256.48751 254.58873 252.59664 250.44582 248.07905 245.44493 242.49465 239.17846 235.4422 231.22456 226.45599 221.06037 214.96185
334.12055 342.17218 352.12494 361.49999 369.54346 376.33016 382.16057 387.30027 391.87266 395.8186 398.91421 400.86043 401.42734 400.58005 398.50452 395.52394 391.97612 388.12697 384.14319 380.10558 376.03618 371.92264 367.73466 363.43335 358.97637 354.32116 349.42809 344.26398 338.80639 333.04809 327.00143 320.70185 314.20992 307.61121 301.01346 294.5406 288.32367 282.48932 277.14719 272.37803 268.22484 264.68857 261.72939 259.27296 257.22027 255.45901 253.87432 252.35751 250.81192 249.15578 247.32249 245.25884 242.92191 240.27524 237.28483 233.91544 230.12794 225.8783 221.11947 215.80764
340.2399 345.85344 353.26392 360.93048 368.16568 374.87525 381.20097 387.28922 393.14364 398.52788 402.94864 405.78491 406.56267 405.21661 402.12761 397.91548 393.17544 388.32667 383.59244 379.04819 374.67994 370.42827 366.21468 361.9553 357.56738 352.97301 348.10218 342.89649 337.31382 331.33356 324.9618 318.23591 311.22728 304.04164 296.81582 289.71029 282.89732 276.54526 270.8008 265.77209 261.51579 258.03127 255.26274 253.10909 251.43861 250.10545 248.96476 247.88426 246.75146 245.47672 243.99278 242.25194 240.22177 237.88022 235.21078 232.19831 228.82598 225.07408 220.9216 216.35145
344.5544 348.9236 354.66015 361.04143 367.64113 374.3704 381.32774 388.62326 396.19537 403.62124 410.00956 414.17128 415.16412 412.87618 408.08628 401.95798 395.4887 389.28027 383.58078 378.41465 373.69392 369.28617 365.04851 360.84197 356.53657 352.01344 347.16698 341.90848 336.17131 329.91728 323.14333 315.88753 308.23328 300.3104 292.29188 284.38497 276.81585 269.80833 263.55892 258.21235 253.84277 250.44535 247.94016 246.18735 245.0093 244.21454 243.61875 243.05985 242.4065 241.56068 240.45574 239.05178 237.32954 235.28397 232.91815 230.23821 227.24963 223.9555 220.35739 216.45937
346.50794 350.52793 355.47643 361.16006 367.45133 374.39621 382.17802 390.99328 400.83026 411.12975 420.45789 426.64816 427.85802 423.90444 416.3722 407.39753 398.56271 390.63546 383.80383 377.96272 372.89728 368.37121 364.16028 360.06084 355.8893 351.48037 346.68729 341.38516 335.47705 328.90215 321.64459 313.74168 305.29011 296.44858 287.43511 278.51677 269.99042 262.15401 255.27145 249.53692 245.04713 241.78901 239.6464 238.42365 237.87909 237.7597 237.82999 237.89116 237.79031 237.42148 236.72112 235.66059 234.23748 232.4671 230.37477 227.98951 225.33938 222.44898 219.33937 216.03091
346.7164 350.80605 355.51593 360.94436 367.20479 374.52353 383.2571 393.81218 406.39439 420.46391 433.96713 443.1896 444.63306 437.98935 426.36886 413.51436 401.74295 391.86952 383.87177 377.41347 372.0984 367.56075 363.48374 359.59372 355.6495 351.4347 346.75539 341.44339 335.36417 328.42782 320.60104 311.91842 302.49143 292.51334 282.25786 272.06829 262.33382 253.45151 245.77677 239.57104 234.96031 231.91686 230.2706 229.74601 230.01272 230.73572 231.61441 232.40615 232.93483 233.08865 232.81132 232.09041 230.94531 229.41606 227.55367 225.41232 223.04353 220.4927 217.79808 214.99254
345.8672 350.1336 354.8437 360.24142 366.60178 374.31463 383.93435 396.14923 411.53766 429.82882 448.48275 461.74821 463.48205 453.12435 436.25165 418.86612 404.0024 392.29143 383.33069 376.47229 371.11081 366.74596 362.97071 359.44399 355.86698 351.9686 347.50083 342.24298 336.01317 328.68379 320.19821 310.58607 299.97555 288.60127 276.80537 265.02719 253.7756 243.5794 234.9179 228.14412 223.42195 220.69905 219.72578 220.11321 221.4096 223.1725 225.02074 226.6614 227.89561 228.61022 228.76253 228.3631 227.45942 226.12171 224.43102 222.46979 220.3147 218.03206 215.67589 213.28887
344.42427 348.81726 353.56706 358.9774 365.40967 373.35961 383.52957 396.84798 414.27446 435.97002 459.27147 476.57303 478.66208 464.52598 442.61698 421.29188 404.04966 391.14286 381.73218 374.87152 369.77798 365.84612 362.59995 359.64351 356.62472 353.21472 349.10217 344.00094 337.66788 329.92607 320.68834 309.97753 297.94196 284.8663 271.17602 257.42973 244.28903 232.45567 222.57532 215.12464 210.31609 208.05728 207.98268 209.54457 212.1281 215.15352 218.14323 220.75008 222.75613 224.05448 224.62484 224.50925 223.79089 222.57661 220.9828 219.12418 217.10515 215.01396 212.91985 210.87339
342.63585 347.04084 351.76417 357.11436 363.47115 371.35427 381.50118 394.91095 412.69585 435.28172 460.19059 479.21039 481.51015 465.57976 441.39968 418.57186 400.7205 387.80855 378.74119 372.42419 367.99938 364.821 362.38348 360.2575 358.04529 355.35604 351.80136 347.00988 340.65653 332.49885 322.41105 310.40971 296.67082 281.54165 265.5488 249.39605 233.93529 220.09049 208.72646 200.48393 195.6356 194.02589 195.12367 198.16392 202.31852 206.83822 211.13544 214.80919 217.6306 219.51002 220.46056 220.56554 219.95223 218.77128 217.18051 215.33186 213.36112 211.38044 209.47444 207.70001
340.60096 344.8905 349.48113 354.647 360.72749 368.18137 377.64801 389.97658 406.08475 426.2612 448.28293 465.0125 466.93786 452.48049 430.44416 409.64727 393.51649 382.0489 374.23537 369.06512 365.74565 363.67479 362.3666 361.38489 360.29489 358.63622 355.92144 351.66238 345.41984 336.86264 325.81848 312.30511 296.54347 278.96427 260.21749 241.17913 222.93007 206.66991 193.54293 184.40049 179.58554 178.84545 181.41995 186.25746 192.2622 198.48537 204.22183 209.02343 212.66328 215.08269 216.34021 216.57039 215.95288 214.68941 212.98594 211.0377 209.01673 207.06218 205.27469 203.71596
338.32457 342.3882 346.74505 351.60675 357.22762 363.93939 372.18321 382.50318 395.39696 410.77724 426.73486 438.22771 438.99504 428.03319 411.34061 395.35623 382.87854 374.09717 368.33536 364.85488 363.05241 362.44644 362.6182 363.15167 363.58307 363.36919 361.88802 358.48315 352.54877 343.6303 331.50414 316.21242 298.05899 277.59576 255.62606 233.22399 211.73176 192.67248 177.52874 167.40834 162.72665 163.08635 167.42572 174.33702 182.40805 190.46985 197.70174 203.62212 208.02229 210.88864 212.33591 212.55799 211.79368 210.30251 208.34568 206.16912 203.98773 201.9721 200.24024 198.85632
335.75012 339.51262 343.57112 348.0557 353.1075 358.89607 365.6246 373.49545 382.57622 392.46172 401.68246 407.33757 406.40063 398.80241 388.03817 377.83702 369.93417 364.54402 361.34263 359.9397 359.99043 361.18526 363.21005 365.69449 368.15436 369.94431 370.25243 368.16874 362.8321 353.60983 340.23075 322.81765 301.83589 278.02739 252.39185 226.22186 201.13455 178.99972 161.67613 150.56208 146.1317 147.77364 154.06049 163.18384 173.38776 183.27996 191.93794 198.86497 203.88606 207.04291 208.51239 208.55138 207.46141 205.56496 203.18603 200.63052 198.1655 195.99973 194.27047 193.04078
332.77182 336.20511 339.95884 344.06817 348.54686 353.39528 358.59028 364.04171 369.49759 374.39376 377.72741 378.24719 375.32339 369.92667 364.09189 359.29625 355.97621 354.10648 353.62341 354.48379 356.62031 359.91585 364.1852 369.13085 374.2641 378.81695 381.70603 381.62612 377.3057 367.8424 352.94081 332.92597 308.57728 280.94642 251.28935 221.12416 192.31924 167.05958 147.56022 135.52241 131.47056 134.43932 142.61691 153.82818 165.98113 177.47938 187.32188 195.01382 200.42195 203.64429 204.91693 204.55612 202.92472 200.41099 197.40976 194.29932 191.41254 189.00684 187.24169 186.17302
329.23077 332.3635 335.88029 339.70731 343.72285 347.7674 351.6294 355.00364 357.43431 358.29263 356.92137 353.14291 348.00229 343.63954 341.53136 341.35325 342.12339 343.44384 345.4981 348.59896 352.94535 358.6004 365.51835 373.51057 382.12273 390.45802 397.05256 399.97415 397.26499 387.59255 370.70301 347.36933 318.9613 287.0287 253.15373 219.05684 186.77584 158.69393 137.24434 124.35049 120.89864 124.99168 134.60535 147.41277 161.00483 173.62254 184.21319 192.29137 197.7596 200.75925 201.57083 200.55709 198.13428 194.75618 190.89736 187.02571 183.56099 180.82609 179.00776 178.14467
324.89872 327.82834 331.267 335.00625 338.77724 342.27487 345.14443 346.94 347.08481 344.90571 339.90223 332.47131 324.86287 320.65467 321.45229 325.20112 329.29613 333.06872 337.15362 342.28463 348.87612 357.11082 367.07483 378.74294 391.78122 405.20568 417.05161 424.39913 424.11878 414.16438 394.47872 366.75084 333.39821 296.7187 258.66463 221.07411 185.99991 155.82483 132.95579 119.01803 118.06833 121.18275 131.37766 144.92393 159.12526 172.13143 182.86249 190.83529 195.96542 198.40983 198.46648 196.52194 193.03063 188.5075 183.51678 178.64039 174.41779 171.26566 169.40696 168.8463
