Progetto/32 Decenni/raster/81-90.asc
NCOLS 600
NROWS 600
XLLCORNER -124.215
YLLCORNER 32.5722
DX 0.01674
DY 0.01565
NODATA_VALUE -9999
[rows 0 to 25 of 600, columns 240 to 299 of 600]
555.86647 556.44084 557.13708 557.95805 558.90522 559.9786 561.17669 562.49662 563.93413 565.48376 567.13902 568.89246 570.73597 572.66085 574.65804 576.71826 578.83214 580.99042 583.18398 585.40401 587.64208 589.8902 592.14084 594.38704 596.62237 598.84096 601.03752 603.2073 605.34608 607.45015 609.51632 611.54181 613.52429 615.46183 617.35284 619.19608 620.99059 622.73569 624.43092 626.07605 627.67103 629.21599 630.71118 632.15699 633.55392 634.90255 636.20356 637.45766 638.66566 639.82837 640.94666 642.02143 643.0536 644.04408 644.99383 645.90377 646.77486 647.60804 648.40424 649.16439
551.27725 551.87602 552.60549 553.46921 554.46908 555.60522 556.87603 558.27826 559.80712 561.45643 563.21884 565.086 567.04879 569.09752 571.22211 573.41229 575.65775 577.94832 580.27407 582.62543 584.99327 587.369 589.74461 592.11267 594.46641 596.79968 599.10695 601.38332 603.62447 605.82665 607.98662 610.10166 612.16948 614.18823 616.15642 618.07292 619.93689 621.74778 623.5053 625.20934 626.86001 628.45757 630.00243 631.49511 632.93625 634.32658 635.66688 636.95802 638.20091 639.39648 640.54571 641.64961 642.70918 643.72545 644.69945 645.63221 646.52474 647.37807 648.1932 648.97114
546.52201 547.14326 547.90524 548.81228 549.86671 551.06876 552.41662 553.90657 555.53313 557.28924 559.16656 561.15567 563.24631 565.42764 567.68845 570.01736 572.40303 574.83428 577.3003 579.79069 582.29561 584.80584 587.31283 589.8087 592.28633 594.73927 597.16181 599.54889 601.89612 604.1997 606.45643 608.66361 610.81905 612.921 614.96808 616.95931 618.89401 620.77177 622.59247 624.35615 626.0631 627.71373 629.30861 630.84842 632.33396 633.76608 635.14572 636.47388 637.75158 638.9799 640.15993 641.29277 642.37955 643.42138 644.41939 645.3747 646.2884 647.1616 647.99538 648.7908
541.59338 542.23475 543.02831 543.97927 545.09039 546.36195 547.79181 549.37562 551.10703 552.97794 554.97881 557.09895 559.32683 561.65029 564.05686 566.53393 569.06901 571.64986 574.26469 576.90222 579.55187 582.20374 584.84872 587.4785 590.08559 592.66328 595.20566 597.70755 600.16451 602.57274 604.92907 607.2309 609.47612 611.66313 613.79071 615.85803 617.86458 619.81016 621.69478 623.51872 625.28241 626.98646 628.63161 630.21871 631.7487 633.22262 634.64154 636.00661 637.31898 638.57986 639.79045 640.95199 642.0657 643.13281 644.15453 645.13207 646.06662 646.95937 647.81146 648.62404
536.48337 537.142 537.96606 538.96167 540.13202 541.47731 542.99491 544.67964 546.52403 548.51871 550.65274 552.91397 555.28937 557.76532 560.32794 562.96328 565.65759 568.39747 571.17008 573.96325 576.76555 579.56642 582.35619 585.12609 587.86827 590.57578 593.24255 595.8633 598.43357 600.94958 603.40825 605.80707 608.14411 610.4179 612.62742 614.77202 616.85141 618.86557 620.81475 622.69941 624.52018 626.27786 627.9734 629.60781 631.18222 632.69783 634.15587 635.55763 636.90443 638.19759 639.43845 640.62837 641.76867 642.86069 643.90576 644.90516 645.86019 646.7721 647.64213 648.47148
531.18318 531.85575 532.70913 533.75043 534.98316 536.40726 538.01938 539.8132 541.77988 543.90848 546.18639 548.59977 551.13392 553.7736 556.50333 559.30773 562.17166 565.0805 568.02029 570.97788 573.94103 576.89845 579.8399 582.75618 585.6391 588.48148 591.2771 594.02066 596.70767 599.33445 601.89802 604.39603 606.82672 609.18882 611.48153 613.70444 615.85747 617.94084 619.95501 621.90068 623.77871 625.59011 627.336 629.01763 630.63629 632.19337 633.69026 635.12841 636.50929 637.83436 639.10511 640.323 641.48948 642.606 643.67398 644.69483 645.6699 646.60054 647.48808 648.33378
525.68301 526.3658 527.24742 528.33597 529.63512 531.14429 532.85903 534.77153 536.87119 539.14517 541.57893 544.15668 546.86182 549.67731 552.58598 555.57086 558.61535 561.70352 564.82024 567.95133 571.08367 574.2053 577.30539 580.37429 583.40352 586.38571 589.31453 592.18466 594.99168 597.73201 600.40283 603.00199 605.52795 607.97968 610.35663 612.65865 614.88591 617.03889 619.11832 621.12514 623.06043 624.92545 626.72153 628.45013 630.11275 631.71094 633.2463 634.72043 636.13494 637.49147 638.79163 640.037 641.22918 642.3697 643.46011 644.5019 645.49652 646.44542 647.34999 648.21158
519.97185 520.66084 521.56997 522.70822 524.07916 525.68123 527.50841 529.5509 531.7959 534.22827 536.83118 539.58667 542.47604 545.4803 548.58045 551.75781 554.99427 558.2725 561.57614 564.88997 568.19999 571.49349 574.75912 577.9868 581.16779 584.29453 587.36067 590.36091 593.29094 596.14734 598.9275 601.62951 604.2521 606.79452 609.2565 611.63818 613.94004 616.16284 618.30758 620.37546 622.36785 624.28622 626.13216 627.90734 629.61347 631.2523 632.82561 634.33518 635.78279 637.17022 638.49922 639.77151 640.9888 642.15277 643.26504 644.32722 645.34086 646.30747 647.22854 648.1055
514.03717 514.72827 515.6649 516.85671 518.30666 520.01161 521.96329 524.14924 526.55388 529.15933 531.94616 534.89396 537.98177 541.18851 544.49327 547.87559 551.31575 554.795 558.29571 561.80157 565.2977 568.77069 572.20861 575.60103 578.93896 582.21475 585.42204 588.55561 591.61133 594.586 597.47727 600.28351 603.00377 605.63763 608.18515 610.6468 613.02336 615.31592 617.52579 619.65445 621.70354 623.67482 625.57011 627.39131 629.14036 630.81921 632.42984 633.9742 635.45425 636.87191 638.22909 639.52764 640.76941 641.95618 643.08968 644.17163 645.20367 646.18742 647.12441 648.01618
507.86452 508.55393 509.51937 510.77072 512.30957 514.13029 516.22137 518.56686 521.14773 523.94284 526.92982 530.08562 533.38691 536.81045 540.33336 543.93339 547.58917 551.28046 554.98835 558.69546 562.38598 566.0458 569.66249 573.22529 576.72501 580.15396 583.50583 586.77557 589.95927 593.05401 596.05776 598.96924 601.78787 604.51358 607.14681 609.6884 612.13948 614.50149 616.77605 618.96497 621.07018 623.0937 625.03764 626.90414 628.69536 630.41347 632.06063 633.63901 635.15072 636.59785 637.98245 639.30653 640.57204 641.78089 642.93493 644.03597 645.08575 646.08597 647.03827 647.94423
501.43706 502.12182 503.11954 504.43957 506.08097 508.03423 510.2833 512.80764 515.58391 518.58722 521.79198 525.1724 528.70278 532.35776 536.11252 539.94301 543.82621 547.74041 551.66538 555.58263 559.47547 563.3291 567.13062 570.86897 574.53484 578.12057 581.61997 585.02822 588.34169 591.55783 594.67498 597.69228 600.60954 603.42713 606.1459 608.76706 611.29217 613.72301 616.06156 618.30996 620.47046 622.54537 624.53707 626.44795 628.28042 630.03686 631.71966 633.33115 634.87363 636.34936 637.76053 639.10928 640.39772 641.62785 642.80166 643.92104 644.98783 646.00383 646.97075 647.89026
494.73486 495.41368 496.45056 497.85307 499.61592 501.72372 504.15407 506.88039 509.87412 513.10612 516.54745 520.16969 523.94493 527.84587 531.8459 535.91924 540.04127 544.18876 548.34021 552.47597 556.57849 560.63232 564.62411 568.54257 572.37834 576.12384 579.77309 583.32158 586.76606 590.10437 593.33532 596.45852 599.47423 602.38329 605.187 607.88702 610.4853 612.98404 615.38559 617.69243 619.90714 622.03235 624.07071 626.02487 627.8975 629.69121 631.40858 633.05215 634.62439 636.12772 637.56449 638.937 640.24746 641.49801 642.69074 643.82764 644.91067 645.94169 646.9225 647.85485
487.73408 488.40851 489.49663 491.00215 492.91267 495.20403 497.84494 500.80095 504.03723 507.5201 511.21746 515.09862 519.13397 523.29466 527.55253 531.88026 536.25166 540.64203 545.02851 549.39036 553.70913 557.96872 562.15542 566.25775 570.26636 574.17385 577.97455 581.6643 585.24033 588.70096 592.04552 595.27413 598.38759 601.38724 604.27486 607.0526 609.72285 612.28822 614.75145 617.11541 619.38301 621.55718 623.64088 625.63705 627.54857 629.3783 631.12903 632.8035 634.40437 635.93421 637.39553 638.79077 640.12226 641.39228 642.60301 643.75657 644.85498 645.90021 646.89413 647.83857
480.40564 481.08185 482.24102 483.87979 485.97445 488.48779 491.3761 494.59475 498.10169 501.85872 505.83127 509.98737 514.29657 518.72915 523.25586 527.84802 532.47798 537.11952 541.74843 546.3428 550.88327 555.35315 559.73835 564.0273 568.21074 572.28153 576.23437 580.0656 583.77295 587.35532 590.81262 594.14555 597.35548 600.44431 603.41435 606.26824 609.00884 611.63921 614.1625 616.58196 618.90083 621.1224 623.24992 625.28658 627.23555 629.0999 630.88264 632.58671 634.21494 635.77008 637.25478 638.67163 640.02309 641.31155 642.53931 643.70857 644.82146 645.88003 646.88624 647.84196
472.71357 473.40468 474.66608 476.48232 478.8119 481.59824 484.78028 488.30042 492.10861 496.16298 500.42811 504.87251 509.46637 514.18017 518.98415 523.84855 528.74426 533.64353 538.52064 543.35245 548.11868 552.80201 557.38803 561.86514 566.22425 570.45856 574.56324 578.5352 582.37276 586.07549 589.64392 593.0794 596.38392 599.55996 602.61041 605.53841 608.34735 611.04071 613.62209 616.09511 618.46339 620.73054 622.9001 624.97557 626.96034 628.85774 630.67099 632.40321 634.05742 635.63654 637.14337 638.58062 639.95089 641.25668 642.50041 643.68437 644.81078 645.88177 646.89938 647.86556
464.61244 465.34179 466.75316 468.81113 471.44651 474.57382 478.10774 481.97435 486.11565 490.48831 495.0592 499.80032 504.68484 509.68485 514.77082 519.91213 525.07814 530.23934 535.36836 540.44068 545.43497 550.33327 555.12092 559.78628 564.32055 568.71734 572.9724 577.08327 581.04898 584.86978 588.54693 592.08246 595.47901 598.73971 601.86801 604.86762 607.74243 610.49639 613.13353 615.65788 618.07341 620.38406 622.59368 624.70605 626.72481 628.65353 630.49563 632.25442 633.93311 635.53477 637.06235 638.5187 639.90655 641.2285 642.48707 643.68466 644.82357 645.90601 646.9341 647.90985
456.04361 456.84901 458.48195 460.87488 463.91535 467.47449 471.43291 475.69675 480.20171 484.9078 489.7898 494.82801 500.00186 505.2869 510.65454 516.07332 521.51076 526.93523 532.31735 537.63093 542.8535 547.96638 552.95462 557.80668 562.51405 567.07088 571.47356 575.72035 579.81106 583.7467 587.52928 591.16157 594.64691 597.98908 601.19213 604.26034 607.19811 610.00988 612.70011 615.27321 617.73354 620.08537 622.33284 624.48 626.53076 628.48888 630.35803 632.14168 633.84323 635.46589 637.01276 638.48683 639.89093 641.22779 642.50001 643.7101 644.86044 645.95331 646.9909 647.9753
446.92965 447.86864 449.82903 452.69216 456.27763 460.3906 464.86356 469.57932 474.47244 479.5156 484.70092 490.02426 495.47573 501.03636 506.67893 512.37068 518.07663 523.76228 529.39567 534.94862 540.39723 545.72205 550.90782 555.9431 560.8198 565.53265 570.07877 574.45722 578.66862 582.71483 586.59864 590.3236 593.89375 597.31354 600.58766 603.72095 606.71832 609.5847 612.32498 614.94397 617.44638 619.8368 622.11968 624.29932 626.37989 628.36537 630.2596 632.06628 633.78894 635.43095 636.99556 638.48587 639.90483 641.25527 642.5399 643.7613 644.92194 646.02418 647.07026 648.06235
437.16611 438.32177 440.76432 444.29453 448.62389 453.4554 458.55303 463.77478 469.06617 474.42964 479.88995 485.46883 491.1724 496.98883 502.89187 508.84626 514.81312 520.75397 526.63345 532.4208 538.09047 543.62205 548.99998 554.21293 559.25327 564.11641 568.80025 573.30472 577.63131 581.78273 585.76262 589.5753 593.22554 596.71846 600.05939 603.25372 606.30688 609.22428 612.01122 614.6729 617.21438 619.64056 621.95619 624.16581 626.27383 628.28444 630.20168 632.02942 633.77133 635.43096 637.01166 638.51665 639.949 641.31164 642.60737 643.83884 645.00861 646.11909 647.17262 648.17139
426.60996 428.09557 431.24401 435.72965 441.08902 446.86291 452.7168 458.48815 464.15926 469.79266 475.46934 481.25044 487.16339 493.20377 499.34428 505.54464 511.75982 517.94569 524.06236 530.07584 535.95853 541.68893 547.25109 552.63388 557.83013 562.836 567.65023 572.27365 576.70865 580.95882 585.02865 588.92324 592.64809 596.209 599.61189 602.86272 605.96742 608.93184 611.7617 614.46258 617.03985 619.49874 621.84423 624.08115 626.2141 628.24748 630.18551 632.03221 633.79143 635.46682 637.06188 638.57992 640.02413 641.39752 642.70297 643.94323 645.1209 646.23849 647.29836 648.30278
415.06541 417.02339 421.19704 427.0643 433.87157 440.89393 447.65408 453.98842 459.96862 465.76922 471.56163 477.46199 483.52205 489.74183 496.08827 502.5117 508.95763 515.37401 521.71509 527.94285 534.02725 539.94552 545.68132 551.22367 556.56596 561.70509 566.6407 571.37452 575.90986 580.25121 584.40386 588.37371 592.16696 595.79005 599.2495 602.55179 605.70334 608.71041 611.57914 614.31542 616.92496 619.41325 621.78555 624.04689 626.20208 628.25573 630.21221 632.07569 633.85015 635.53938 637.14698 638.67638 640.13084 641.51348 642.82724 644.07494 645.25926 646.38275 647.44784 648.45685
402.27309 404.85705 410.50215 418.38718 427.26367 435.95405 443.77398 450.61627 456.74601 462.53465 468.28871 474.19229 480.31794 486.66129 493.17489 499.79311 506.44763 513.07585 519.62459 526.05108 532.32244 538.41452 544.31053 549.99967 555.4759 560.73689 565.78316 570.61736 575.24371 579.66754 583.89496 587.93258 591.7873 595.46616 598.97622 602.32447 605.51776 608.56278 611.46598 614.23361 616.87165 619.38584 621.78169 624.06442 626.23905 628.31033 630.28279 632.16076 633.94832 635.64938 637.26764 638.80663 640.26969 641.66001 642.98061 644.23437 645.42404 646.55221 647.62136 648.63387
387.92519 391.24148 398.95584 409.81466 421.69928 432.62642 441.61876 448.77544 454.75383 460.25026 465.75304 471.51392 477.60961 484.01384 490.65157 497.43265 504.2699 511.08741 517.82323 524.42916 530.86924 537.11787 543.15781 548.97844 554.57429 559.94382 565.08839 570.01153 574.71832 579.21489 583.50809 587.60522 591.5138 595.24142 598.79566 602.18393 605.4135 608.49141 611.42443 614.2191 616.88165 619.41806 621.83403 624.13499 626.32609 628.41226 630.39815 632.28822 634.08665 635.79746 637.42444 638.97119 640.44114 641.83754 643.16348 644.42189 645.61557 646.74716 647.8192 648.83407
371.77273 375.74162 386.25354 401.51206 417.8303 431.72842 441.85359 448.87729 454.20437 459.018 464.00999 469.46833 475.43703 481.84068 488.55988 495.47065 502.46223 509.44318 516.34183 523.10425 529.69137 536.07614 542.2409 548.17526 553.8743 559.3372 564.56614 569.56544 574.34094 578.89952 583.2487 587.39637 591.3506 595.11947 598.71098 602.13295 605.393 608.49846 611.45639 614.27357 616.95646 619.51124 621.94376 624.25963 626.46415 628.56236 630.55904 632.45874 634.26575 635.98417 637.61786 639.17051 640.64559 642.04643 643.37617 644.63778 645.83411 646.96784 648.04155 649.05766
353.98002 358.09463 372.09793 393.77634 416.61627 434.29271 445.12673 451.17779 455.14096 458.81364 463.03611 468.05231 473.81609 480.17009 486.93408 493.94283 501.05902 508.17476 515.20862 522.10111 528.81028 535.30778 541.57563 547.60367 553.38749 558.92693 564.22486 569.28632 574.11782 578.72683 583.12144 587.31005 591.30118 595.10332 598.72483 602.17385 605.45828 608.58571 611.56343 614.39842 617.09731 619.66645 622.11185 624.43922 626.65399 628.76132 630.76607 632.67287 634.48611 636.20994 637.8483 639.40493 640.88336 642.28697 643.61892 644.88226 646.07985 647.21443 648.28858 649.30477
335.94828 339.11512 356.82878 387.30132 419.25228 441.16156 451.58033 455.43401 457.26465 459.41817 462.70794 467.21379 472.73876 479.01784 485.80093 492.87948 500.09014 507.30974 514.44814 521.44111 528.24432 534.82845 541.17531 547.27495 553.12342 558.72112 564.07147 569.18008 574.05398 578.70111 583.13 587.34945 591.3683 595.19538 598.83929 602.30844 605.61094 608.75456 611.74678 614.59471 617.30515 619.88454 622.33902 624.6744 626.8962 629.00964 631.01968 632.93102 634.74808 636.4751 638.11604 639.67471 641.15468 642.55934 643.89193 645.1555 646.35295 647.48704 648.56039 649.57549
