Progetto/32 Decenni/raster/81-90.asc
NCOLS 600
NROWS 600
XLLCORNER -124.215
YLLCORNER 32.5722
DX 0.01674
DY 0.01565
NODATA_VALUE -9999
[rows 0 to 25 of 600, columns 420 to 479 of 600]
630.71453 630.2698 629.82476 629.37946 628.93394 628.48824 628.0424 627.59646 627.15046 626.70443 626.25842 625.81245 625.36657 624.92081 624.4752 624.02977 623.58456 623.1396 622.69492 622.25054 621.8065 621.36283 620.91955 620.47669 620.03427 619.59233 619.15089 618.70997 618.26959 617.82979 617.39058 616.95199 616.51403 616.07673 615.64011 615.2042 614.769 614.33454 613.90084 613.46792 613.03579 612.60447 612.17398 611.74434 611.31556 610.88766 610.46066 610.03456 609.60938 609.18515 608.76186 608.33954 607.9182 607.49785 607.0785 606.66017 606.24287 605.8266 605.41139 604.99724
630.59706 630.15048 629.70361 629.25648 628.80915 628.36166 627.91403 627.46632 627.01857 626.5708 626.12306 625.67538 625.2278 624.78036 624.33307 623.88599 623.43914 622.99255 622.54625 622.10028 621.65465 621.20941 620.76457 620.32017 619.87623 619.43277 618.98983 618.54743 618.10558 617.66433 617.22367 616.78365 616.34428 615.90559 615.46758 615.0303 614.59374 614.15794 613.72291 613.28868 612.85525 612.42264 611.99089 611.55999 611.12996 610.70083 610.27261 609.8453 609.41894 608.99352 608.56907 608.1456 607.72312 607.30165 606.88119 606.46176 606.04337 605.62604 605.20976 604.79456
630.47858 630.03013 629.5814 629.13244 628.68328 628.23397 627.78455 627.33505 626.88553 626.436 625.98652 625.53712 625.08783 624.63868 624.18972 623.74097 623.29246 622.84423 622.39631 621.94872 621.5015 621.05468 620.60827 620.16232 619.71684 619.27187 618.82742 618.38352 617.9402 617.49748 617.05538 616.61392 616.17313 615.73303 615.29364 614.85498 614.41706 613.97991 613.54355 613.10799 612.67326 612.23936 611.80633 611.37416 610.94289 610.51252 610.08308 609.65457 609.22701 608.80041 608.3748 607.95017 607.52655 607.10395 606.68238 606.26185 605.84237 605.42396 605.00663 604.59038
630.35907 629.90873 629.45813 629.0073 628.5563 628.10516 627.65393 627.20263 626.75132 626.30003 625.84879 625.39764 624.94663 624.49577 624.04511 623.59468 623.14451 622.69463 622.24507 621.79586 621.34704 620.89862 620.45064 620.00313 619.55611 619.1096 618.66364 618.21824 617.77343 617.32924 616.88568 616.44278 616.00057 615.55905 615.11826 614.67822 614.23893 613.80043 613.36273 612.92585 612.4898 612.05461 611.62029 611.18686 610.75434 610.32273 609.89206 609.46234 609.03358 608.6058 608.17901 607.75323 607.32847 606.90474 606.48205 606.06042 605.63985 605.22036 604.80197 604.38467
630.2385 629.78626 629.33376 628.88107 628.4282 627.97522 627.52215 627.06904 626.61593 626.16285 625.70984 625.25694 624.80419 624.35161 623.89924 623.44711 622.99526 622.54372 622.09252 621.64168 621.19124 620.74122 620.29166 619.84257 619.394 618.94595 618.49846 618.05156 617.60525 617.15958 616.71456 616.27022 615.82657 615.38363 614.94144 614.5 614.05935 613.61948 613.18044 612.74223 612.30487 611.86838 611.43277 610.99807 610.56428 610.13143 609.69953 609.26859 608.83864 608.40967 607.98171 607.55477 607.12886 606.704 606.28019 605.85745 605.4358 605.01523 604.59577 604.17742
630.11686 629.66269 629.20829 628.7537 628.29896 627.84411 627.3892 626.93426 626.47933 626.02446 625.56966 625.115 624.66049 624.20617 623.75208 623.29825 622.84471 622.3915 621.93864 621.48616 621.03409 620.58246 620.1313 619.68064 619.2305 618.7809 618.33188 617.88346 617.43566 616.9885 616.54201 616.09621 615.65112 615.20676 614.76315 614.32032 613.87828 613.43706 612.99666 612.55712 612.11844 611.68064 611.24374 610.80776 610.37272 609.93862 609.50549 609.07333 608.64217 608.21201 607.78287 607.35477 606.92771 606.50171 606.07679 605.65294 605.23019 604.80855 604.38802 603.96862
629.99413 629.53802 629.08169 628.62519 628.16856 627.71183 627.25506 626.79827 626.34152 625.88482 625.42824 624.97179 624.51551 624.05945 623.60363 623.14808 622.69284 622.23794 621.78341 621.32927 620.87557 620.42232 619.96956 619.51731 619.06559 618.61444 618.16388 617.71393 617.26462 616.81597 616.368 615.92073 615.4742 615.02841 614.58339 614.13915 613.69573 613.25313 612.81138 612.3705 611.93049 611.49138 611.05319 610.61593 610.17962 609.74427 609.3099 608.87652 608.44415 608.0128 607.58249 607.15322 606.72501 606.29788 605.87183 605.44688 605.02303 604.6003 604.17871 603.75825
629.87028 629.41222 628.95395 628.49552 628.03698 627.57836 627.1197 626.66106 626.20246 625.74394 625.28554 624.82729 624.36924 623.91141 623.45385 622.99657 622.53962 622.08302 621.62681 621.17102 620.71566 620.26079 619.80641 619.35256 618.89926 618.44655 617.99444 617.54295 617.09212 616.64197 616.19252 615.74378 615.29579 614.84857 614.40212 613.95649 613.51167 613.0677 612.62459 612.18236 611.74102 611.3006 610.86111 610.42256 609.98498 609.54838 609.11277 608.67817 608.24458 607.81204 607.38054 606.95011 606.52075 606.09247 605.6653 605.23923 604.81429 604.39048 603.96782 603.54631
629.74531 629.28527 628.82504 628.36467 627.90419 627.44367 626.98312 626.5226 626.06214 625.60177 625.14155 624.6815 624.22165 623.76205 623.30273 622.84371 622.38504 621.92673 621.46883 621.01136 620.55435 620.09784 619.64184 619.18638 618.73149 618.2772 617.82353 617.37051 616.91816 616.4665 616.01555 615.56534 615.11589 614.66722 614.21935 613.7723 613.32609 612.88073 612.43626 611.99268 611.55001 611.10827 610.66747 610.22764 609.78879 609.35092 608.91407 608.47824 608.04344 607.6097 607.17702 606.74541 606.3149 605.88548 605.45718 605.03 604.60396 604.17907 603.75533 603.33277
629.61918 629.15715 628.69494 628.23261 627.77019 627.30774 626.84528 626.38287 625.92054 625.45832 624.99625 624.53438 624.07273 623.61134 623.15025 622.68948 622.22907 621.76905 621.30945 620.85029 620.39162 619.93345 619.47582 619.01875 618.56226 618.10639 617.65116 617.19659 616.7427 616.28952 615.83708 615.38538 614.93447 614.48435 614.03504 613.58657 613.13896 612.69222 612.24638 611.80144 611.35743 610.91437 610.47227 610.03114 609.59101 609.15189 608.71379 608.27673 607.84071 607.40577 606.9719 606.53912 606.10745 605.67689 605.24746 604.81917 604.39203 603.96605 603.54125 603.11762
629.49189 629.02784 628.56363 628.09932 627.63495 627.17055 626.70618 626.24186 625.77763 625.31355 624.84963 624.38592 623.92246 623.45927 622.99639 622.53386 622.0717 621.60995 621.14864 620.68779 620.22744 619.76762 619.30834 618.84965 618.39155 617.93409 617.47729 617.02116 616.56573 616.11103 615.65708 615.2039 614.75151 614.29993 613.84919 613.3993 612.95028 612.50215 612.05493 611.60863 611.16328 610.71889 610.27548 609.83306 609.39165 608.95126 608.51191 608.07361 607.63638 607.20023 606.76518 606.33122 605.89839 605.46669 605.03613 604.60672 604.17848 603.75142 603.32554 602.90085
629.36339 628.89731 628.4311 627.9648 627.49845 627.03209 626.56578 626.09954 625.63341 625.16744 624.70166 624.2361 623.77081 623.30581 622.84114 622.37683 621.91292 621.44943 620.98639 620.52384 620.06181 619.60031 619.13939 618.67906 618.21935 617.76029 617.3019 616.84421 616.38724 615.93101 615.47555 615.02087 614.567 614.11396 613.66177 613.21045 612.76002 612.3105 611.8619 611.41424 610.96754 610.52182 610.07709 609.63337 609.19068 608.74902 608.30842 607.86888 607.43043 606.99308 606.55683 606.1217 605.68771 605.25486 604.82317 604.39264 603.9633 603.53515 603.10819 602.68245
629.23369 628.76556 628.29731 627.829 627.36066 626.89233 626.42406 625.95589 625.48785 625.01998 624.55232 624.0849 623.61776 623.15094 622.68447 622.21837 621.75269 621.28745 620.82268 620.35842 619.89469 619.43152 618.96893 618.50696 618.04563 617.58496 617.12499 616.66572 616.2072 615.74943 615.29245 614.83627 614.38092 613.92642 613.47278 613.02002 612.56817 612.11725 611.66726 611.21824 610.77019 610.32313 609.87709 609.43206 608.98808 608.54515 608.1033 607.66252 607.22285 606.78428 606.34684 605.91054 605.47538 605.04138 604.60856 604.17692 603.74647 603.31723 602.8892 602.46239
629.10274 628.63255 628.16226 627.69192 627.22157 626.75125 626.28101 625.81089 625.34092 624.87114 624.40158 623.93229 623.4633 622.99465 622.52636 622.05846 621.591 621.124 620.65749 620.19151 619.72607 619.26121 618.79696 618.33334 617.87038 617.40809 616.94652 616.48568 616.0256 615.56629 615.10778 614.6501 614.19325 613.73727 613.28218 612.82799 612.37471 611.92238 611.47101 611.02061 610.57121 610.12282 609.67545 609.22912 608.78385 608.33965 607.89653 607.45452 607.01361 606.57384 606.1352 605.69772 605.2614 604.82625 604.39229 603.95953 603.52798 603.09765 602.66854 602.24068
628.97054 628.49826 628.02591 627.55352 627.08115 626.60883 626.13661 625.66452 625.19261 624.7209 624.24944 623.77827 623.30741 622.8369 622.36678 621.89708 621.42783 620.95906 620.4908 620.02308 619.55593 619.08938 618.62345 618.15817 617.69357 617.22967 616.76649 616.30406 615.84241 615.38155 614.92152 614.46232 614.00398 613.54652 613.08996 612.63433 612.17963 611.72589 611.27313 610.82135 610.37059 609.92085 609.47216 609.02452 608.57796 608.13248 607.68811 607.24485 606.80272 606.36173 605.92189 605.48323 605.04574 604.60944 604.17435 603.74047 603.30781 602.87639 602.44621 602.01728
628.83705 628.36267 627.88824 627.4138 626.93939 626.46505 625.99083 625.51676 625.04289 624.56924 624.09587 623.62279 623.15006 622.67769 622.20573 621.73421 621.26316 620.79261 620.32259 619.85313 619.38426 618.916 618.44838 617.98144 617.51519 617.04966 616.58487 616.12085 615.65763 615.19521 614.73364 614.27292 613.81308 613.35414 612.89612 612.43903 611.9829 611.52775 611.07359 610.62044 610.16831 609.71723 609.26721 608.81826 608.3704 607.92364 607.478 607.0335 606.59014 606.14793 605.7069 605.26705 604.8284 604.39095 603.95472 603.51971 603.08595 602.65344 602.22218 601.79219
628.70226 628.22576 627.74923 627.27271 626.79625 626.31988 625.84364 625.36758 624.89174 624.41614 623.94083 623.46585 622.99122 622.51699 622.04318 621.56983 621.09697 620.62463 620.15284 619.68162 619.21102 618.74105 618.27174 617.80312 617.33521 616.86805 616.40164 615.93603 615.47122 615.00725 614.54413 614.08188 613.62054 613.16011 612.70061 612.24208 611.78451 611.32794 610.87238 610.41784 609.96435 609.51192 609.06057 608.6103 608.16115 607.71311 607.26621 606.82045 606.37586 605.93244 605.4902 605.04917 604.60935 604.17075 603.73338 603.29725 602.86238 602.42878 601.99645 601.5654
628.56613 628.0875 627.60886 627.13025 626.65172 626.1733 625.69504 625.21697 624.73914 624.26158 623.78433 623.30742 622.83089 622.35478 621.87911 621.40392 620.92923 620.45509 619.98152 619.50854 619.0362 618.56451 618.0935 617.6232 617.15363 616.68482 616.21679 615.74957 615.28317 614.81763 614.35297 613.88919 613.42633 612.96441 612.50344 612.04344 611.58444 611.12645 610.66948 610.21356 609.7587 609.30492 608.85223 608.40065 607.95019 607.50087 607.0527 606.60569 606.15986 605.71523 605.27179 604.82957 604.38858 603.94883 603.51032 603.07307 602.6371 602.2024 601.76899 601.33688
628.42865 627.94787 627.4671 626.98639 626.50577 626.02529 625.54498 625.0649 624.58507 624.10553 623.62632 623.14748 622.66904 622.19103 621.71349 621.23644 620.75993 620.28398 619.80862 619.33387 618.85978 618.38636 617.91364 617.44165 616.97041 616.49995 616.03029 615.56146 615.09347 614.62636 614.16013 613.69482 613.23045 612.76703 612.30458 611.84312 611.38267 610.92325 610.46488 610.00757 609.55134 609.0962 608.64217 608.18927 607.73751 607.2869 606.83746 606.38921 605.94214 605.49629 605.05165 604.60824 604.16608 603.72517 603.28552 602.84716 602.41007 601.97428 601.5398 601.10663
628.2898 627.80685 627.32394 626.8411 626.35838 625.87582 625.39346 624.91134 624.4295 623.94797 623.46679 622.98601 622.50564 622.02573 621.5463 621.0674 620.58904 620.11127 619.63411 619.15759 618.68174 618.20658 617.73214 617.25845 616.78554 616.31342 615.84212 615.37167 614.90209 614.43339 613.96561 613.49876 613.03286 612.56794 612.104 611.64108 611.17919 610.71834 610.25855 609.79985 609.34224 608.88575 608.43038 607.97616 607.52309 607.07119 606.62048 606.17097 605.72267 605.2756 604.82975 604.38516 603.94183 603.49976 603.05898 602.61948 602.18129 601.74441 601.30885 600.87462
628.14954 627.66441 627.17933 626.69436 626.20952 625.72487 625.24044 624.75627 624.27241 623.78888 623.30572 622.82297 622.34067 621.85884 621.37753 620.89675 620.41655 619.93695 619.45798 618.97967 618.50205 618.02514 617.54898 617.07359 616.59899 616.12521 615.65227 615.18019 614.70901 614.23873 613.76938 613.30098 612.83356 612.36713 611.9017 611.43731 610.97397 610.51168 610.05049 609.59039 609.1314 608.67355 608.21684 607.76129 607.30691 606.85373 606.40175 605.95098 605.50144 605.05314 604.60609 604.16031 603.71581 603.27259 602.83066 602.39005 601.95075 601.51277 601.07614 600.64084
628.00785 627.52052 627.03327 626.54614 626.05918 625.57242 625.08591 624.59968 624.11377 623.62823 623.14308 622.65836 622.17411 621.69036 621.20714 620.72448 620.24242 619.76098 619.28019 618.80009 618.3207 617.84204 617.36415 616.88704 616.41075 615.9353 615.46071 614.987 614.51421 614.04234 613.57142 613.10147 612.63252 612.16457 611.69766 611.23179 610.76699 610.30327 609.84066 609.37916 608.91879 608.45957 608.00152 607.54464 607.08896 606.63448 606.18123 605.7292 605.27843 604.8289 604.38065 603.93368 603.488 603.04363 602.60056 602.15882 601.71842 601.27935 600.84164 600.40529
627.86471 627.37516 626.88572 626.39642 625.90731 625.41844 624.92983 624.44153 623.95357 623.466 622.97885 622.49215 622.00594 621.52025 621.03512 620.55057 620.06664 619.58335 619.10074 618.61883 618.13766 617.65724 617.17761 616.69878 616.2208 615.74367 615.26742 614.79208 614.31767 613.8442 613.37171 612.90021 612.42972 611.96026 611.49185 611.0245 610.55824 610.09309 609.62905 609.16615 608.7044 608.24382 607.78442 607.32621 606.86922 606.41345 605.95892 605.50563 605.05361 604.60287 604.15341 603.70525 603.2584 602.81287 602.36866 601.9258 601.48429 601.04413 600.60534 600.16793
627.72008 627.22831 626.73666 626.24518 625.75391 625.2629 624.77218 624.28179 623.79178 623.30217 622.813 622.32431 621.83613 621.3485 620.86144 620.37499 619.88918 619.40404 618.91959 618.43587 617.95291 617.47072 616.98934 616.5088 616.0291 615.55029 615.07238 614.5954 614.11937 613.64431 613.17023 612.69717 612.22514 611.75416 611.28425 610.81542 610.3477 609.8811 609.41564 608.95134 608.4882 608.02625 607.5655 607.10597 606.64766 606.1906 605.73479 605.28025 604.82699 604.37502 603.92435 603.475 603.02698 602.58029 602.13495 601.69096 601.24834 600.8071 600.36723 599.92876
627.57395 627.07993 626.58606 626.09238 625.59894 625.10578 624.61294 624.12046 623.62837 623.1367 622.64551 622.15482 621.66466 621.17507 620.68608 620.19772 619.71002 619.22301 618.73673 618.25119 617.76643 617.28247 616.79933 616.31706 615.83565 615.35515 614.87558 614.39695 613.91929 613.44262 612.96697 612.49234 612.01877 611.54626 611.07485 610.60454 610.13535 609.66731 609.20042 608.73471 608.27019 607.80687 607.34477 606.8839 606.42428 605.96592 605.50884 605.05303 604.59853 604.14534 603.69347 603.24293 602.79373 602.34588 601.8994 601.45429 601.01057 600.56823 600.12729 599.68777
627.42629 626.93 626.4339 625.93801 625.44238 624.94706 624.45209 623.95749 623.46331 622.96959 622.47636 621.98365 621.4915 620.99995 620.50901 620.01873 619.52914 619.04026 618.55213 618.06476 617.57819 617.09245 616.60756 616.12354 615.64042 615.15823 614.67698 614.1967 613.71741 613.23913 612.76189 612.28569 611.81057 611.33654 610.86362 610.39182 609.92117 609.45168 608.98336 608.51624 608.05033 607.58564 607.12219 606.65999 606.19905 605.7394 605.28103 604.82397 604.36823 603.91381 603.46073 603.009 602.55863 602.10963 601.66201 601.21578 600.77094 600.32752 599.88551 599.44492
