Progetto/32 Decenni/raster/81-90.asc
NCOLS 600
NROWS 600
XLLCORNER -124.215
YLLCORNER 32.5722
DX 0.01674
DY 0.01565
NODATA_VALUE -9999
[rows 78 to 103 of 600, columns 360 to 419 of 600]
657.01936 656.33568 655.65057 654.96414 654.27655 653.5879 652.89833 652.20796 651.51689 650.82524 650.13312 649.44064 648.74789 648.05498 647.36199 646.66903 645.97618 645.28354 644.59117 643.89917 643.20762 642.51659 641.82615 641.13638 640.44735 639.75912 639.07176 638.38533 637.6999 637.01552 636.33225 635.65014 634.96925 634.28964 633.61134 632.93441 632.25889 631.58483 630.91228 630.24127 629.57184 628.90404 628.23791 627.57347 626.91077 626.24983 625.5907 624.9334 624.27796 623.62441 622.97278 622.32311 621.6754 621.0297 620.38601 619.74438 619.10481 618.46734 617.83197 617.19874
657.01542 656.32427 655.63181 654.93818 654.2435 653.5479 652.8515 652.15442 651.45677 650.75865 650.06018 649.36146 648.66258 647.96365 647.26476 646.566 645.86745 645.1692 644.47134 643.77394 643.07708 642.38084 641.68529 640.9905 640.29653 639.60346 638.91134 638.22024 637.53021 636.84132 636.15363 635.46717 634.78201 634.0982 633.41578 632.73481 632.05532 631.37736 630.70097 630.0262 629.35308 628.68165 628.01196 627.34402 626.67788 626.01357 625.35113 624.69057 624.03194 623.37526 622.72055 622.06785 621.41718 620.76856 620.12202 619.47758 618.83526 618.19508 617.55706 616.92122
657.00804 656.30939 655.60957 654.90871 654.20693 653.50437 652.80112 652.09732 651.39307 650.68847 649.98364 649.27866 648.57365 647.86869 647.16388 646.4593 645.75505 645.0512 644.34783 643.64502 642.94286 642.24141 641.54073 640.84091 640.14201 639.44409 638.74721 638.05143 637.35682 636.66342 635.9713 635.2805 634.59107 633.90306 633.21653 632.53151 631.84805 631.1662 630.48598 629.80745 629.13065 628.4556 627.78234 627.11091 626.44134 625.77367 625.10792 624.44412 623.7823 623.12249 622.46472 621.809 621.15537 620.50385 619.85446 619.20722 618.56215 617.91927 617.27861 616.64017
656.9971 656.29094 655.58374 654.87563 654.16674 653.45719 652.74709 652.03655 651.32569 650.6146 649.90339 649.19215 648.48099 647.77 647.05926 646.34887 645.6389 644.92943 644.22056 643.51234 642.80487 642.0982 641.3924 640.68756 639.98371 639.28094 638.5793 637.87885 637.17965 636.48175 635.7852 635.09005 634.39635 633.70416 633.01351 632.32446 631.63703 630.95129 630.26725 629.58497 628.90448 628.22581 627.549 626.87409 626.2011 625.53007 624.86102 624.19398 623.52899 622.86606 622.20522 621.5465 620.88992 620.23551 619.58327 618.93324 618.28544 617.63988 616.99658 616.35556
656.9825 656.2688 655.5542 654.83884 654.12282 653.40627 652.6893 651.97202 651.25453 650.53694 649.81934 649.10184 648.38453 647.66749 646.95082 646.2346 645.51891 644.80383 644.08944 643.37582 642.66302 641.95114 641.24022 640.53034 639.82156 639.11395 638.40755 637.70242 636.99863 636.29622 635.59525 634.89576 634.19781 633.50143 632.80667 632.11358 631.4222 630.73257 630.04472 629.35869 628.67452 627.99224 627.31189 626.6335 625.9571 625.28271 624.61038 623.94011 623.27195 622.60591 621.94202 621.28031 620.62079 619.96349 619.30842 618.65562 618.00509 617.35685 616.71093 616.06734
656.96411 656.24286 655.52086 654.79822 654.07507 653.35151 652.62765 651.90361 651.17949 650.45539 649.7314 649.00763 648.28415 647.56107 646.83846 646.11641 645.395 644.6743 643.9544 643.23536 642.51725 641.80014 641.08411 640.3692 639.65548 638.94302 638.23186 637.52207 636.81369 636.10678 635.40139 634.69757 633.99535 633.2948 632.59594 631.89882 631.20349 630.50997 629.81832 629.12855 628.44071 627.75484 627.07095 626.38909 625.70928 625.03156 624.35594 623.68246 623.01113 622.342 621.67507 621.01037 620.34792 619.68775 619.02986 618.37429 617.72105 617.07015 616.42161 615.77546
656.94182 656.21302 655.4836 654.75368 654.02337 653.29279 652.56204 651.83124 651.10048 650.36986 649.63947 648.90942 648.17978 647.45064 646.72209 645.99421 645.26707 644.54076 643.81534 643.09088 642.36746 641.64514 640.92398 640.20405 639.4854 638.76809 638.05218 637.33772 636.62476 635.91336 635.20355 634.4954 633.78893 633.0842 632.38125 631.68012 630.98084 630.28345 629.58799 628.8945 628.203 627.51353 626.82612 626.1408 625.4576 624.77654 624.09765 623.42096 622.74649 622.07427 621.40431 620.73663 620.07127 619.40823 618.74754 618.08922 617.43327 616.77972 616.12859 615.47988
656.91553 656.17916 655.4423 654.70509 653.96762 653.23001 652.49237 651.7548 651.01739 650.28024 649.54346 648.80711 648.07131 647.33611 646.60162 645.86791 645.13505 644.40311 643.67218 642.94231 642.21358 641.48604 640.75976 640.03481 639.31123 638.58908 637.86842 637.1493 636.43177 635.71588 635.00167 634.28918 633.57848 632.86958 632.16254 631.4574 630.75418 630.05293 629.35368 628.65647 627.96132 627.26827 626.57734 625.88857 625.20199 624.51761 623.83546 623.15558 622.47797 621.80267 621.12969 620.45906 619.79079 619.1249 618.46142 617.80035 617.14172 616.48553 615.83181 615.18057
656.88511 656.14116 655.39687 654.65235 653.90771 653.16307 652.41853 651.67418 650.93012 650.18645 649.44325 648.70063 647.95865 647.2174 646.47697 645.73742 644.99883 644.26128 643.52484 642.78956 642.05551 641.32277 640.59138 639.8614 639.1329 638.40592 637.68051 636.95674 636.23464 635.51426 634.79566 634.07886 633.36392 632.65086 631.93975 631.2306 630.52345 629.81835 629.11532 628.4144 627.71561 627.01899 626.32456 625.63235 624.9424 624.25471 623.56932 622.88625 622.20552 621.52715 620.85117 620.17759 619.50643 618.83771 618.17144 617.50765 616.84634 616.18753 615.53124 614.87747
656.85046 656.09891 655.34717 654.59535 653.84354 653.09186 652.34041 651.58928 650.83857 650.08837 649.33877 648.58985 647.8417 647.0944 646.34803 645.60265 644.85834 644.11518 643.37322 642.63254 641.89319 641.15524 640.41874 639.68375 638.95033 638.21852 637.48838 636.75996 636.0333 635.30845 634.58546 633.86435 633.14518 632.42799 631.7128 630.99966 630.2886 629.57966 628.87286 628.16824 627.46582 626.76564 626.06772 625.37209 624.67877 623.98779 623.29916 622.61292 621.92908 621.24767 620.56869 619.89218 619.21814 618.5466 617.87756 617.21106 616.54709 615.88567 615.22682 614.57055
656.81144 656.05231 655.29312 654.53398 653.77499 653.01627 652.25791 651.5 650.74264 649.98591 649.2299 648.4747 647.72038 646.96703 646.21472 645.46351 644.71349 643.96471 643.21725 642.47117 641.72652 640.98337 640.24177 639.50178 638.76344 638.02682 637.29195 636.55889 635.82769 635.09837 634.37099 633.64559 632.92221 632.20088 631.48163 630.76451 630.04955 629.33678 628.62622 627.91792 627.21188 626.50816 625.80676 625.10772 624.41105 623.71679 623.02495 622.33555 621.64862 620.96416 620.28221 619.60278 618.92588 618.25153 617.57974 616.91053 616.24392 615.57991 614.91852 614.25975
656.76796 656.00122 655.23458 654.46812 653.70196 652.9362 652.17093 651.40624 650.64222 649.87896 649.11655 648.35507 647.59459 646.83519 646.07694 645.31991 644.56418 643.8098 643.05684 642.30536 641.55542 640.80708 640.06039 639.3154 638.57216 637.83073 637.09115 636.35346 635.61771 634.88395 634.1522 633.42252 632.69493 631.96947 631.24619 630.5251 629.80625 629.08966 628.37536 627.66338 626.95375 626.24649 625.54163 624.83919 624.13919 623.44166 622.74662 622.05408 621.36406 620.67659 619.99167 619.30934 618.62959 617.95245 617.27793 616.60604 615.93679 615.2702 614.60628 613.94504
656.71988 655.94555 655.17145 654.39768 653.62434 652.85153 652.07935 651.30788 650.53722 649.76744 648.99863 648.23086 647.46422 646.69878 645.9346 645.17176 644.41032 643.65034 642.8919 642.13503 641.37981 640.62629 639.87451 639.12454 638.37641 637.63018 636.88589 636.14359 635.40332 634.66511 633.92901 633.19505 632.46327 631.73371 631.00639 630.28135 629.55862 628.83823 628.1202 627.40456 626.69135 625.98057 625.27226 624.56644 623.86313 623.16235 622.46411 621.76845 621.07537 620.38489 619.69703 619.01181 618.32923 617.64931 616.97207 616.29751 615.62566 614.95651 614.29008 613.62638
656.6671 655.88517 655.10361 654.32252 653.54201 652.76217 651.98308 651.20484 650.42752 649.65123 648.87602 648.10198 647.32919 646.55771 645.78761 645.01896 644.25183 643.48627 642.72234 641.9601 641.1996 640.44091 639.68406 638.92911 638.17611 637.42509 636.67611 635.92921 635.18442 634.44178 633.70134 632.96312 632.22717 631.49351 630.76218 630.0332 629.30661 628.58243 627.86069 627.14141 626.42462 625.71035 624.9986 624.28942 623.58281 622.87879 622.17739 621.47861 620.78248 620.08902 619.39823 618.71014 618.02474 617.34207 616.66213 615.98492 615.31047 614.63878 613.96986 613.30372
656.60949 655.81996 655.03095 654.24255 653.45487 652.66799 651.882 651.09699 650.31304 649.53023 648.74863 647.96833 647.18939 646.41189 645.63588 644.86143 644.08861 643.31747 642.54807 641.78047 641.01472 640.25086 639.48895 638.72904 637.97117 637.21539 636.46173 635.71023 634.96095 634.2139 633.46913 632.72667 631.98656 631.24882 630.51348 629.78058 629.05015 628.3222 627.59676 626.87386 626.15352 625.43576 624.7206 624.00807 623.29817 622.59094 621.88638 621.18451 620.48536 619.78892 619.09522 618.40428 617.71609 617.03068 616.34805 615.66821 614.99118 614.31697 613.64557 612.97701
656.54694 655.74982 654.95336 654.15765 653.3628 652.56889 651.77601 650.98424 650.19365 649.40434 648.61637 647.82981 647.04473 646.26121 645.4793 644.69907 643.92057 643.14387 642.36902 641.59606 640.82506 640.05606 639.28911 638.52425 637.76153 637.00099 636.24267 635.4866 634.73283 633.98138 633.2323 632.48562 631.74136 630.99956 630.26024 629.52344 628.78917 628.05747 627.32835 626.60185 625.87797 625.15674 624.43819 623.72233 623.00917 622.29874 621.59104 620.88611 620.18394 619.48455 618.78796 618.09418 617.40322 616.71508 616.02979 615.34734 614.66776 613.99103 613.31718 612.64621
656.47933 655.67462 654.87071 654.06771 653.2657 652.46477 651.665 650.86647 650.06927 649.27346 648.47912 647.68632 646.89512 646.10559 645.31779 644.53179 643.74763 642.96538 642.18508 641.40679 640.63056 639.85643 639.08445 638.31466 637.5471 636.78182 636.01885 635.25823 634.49999 633.74416 632.99079 632.2399 631.49151 630.74567 630.00239 629.2617 628.52362 627.78818 627.05541 626.32531 625.59792 624.87325 624.15132 623.43214 622.71574 622.00213 621.29132 620.58333 619.87817 619.17585 618.47639 617.77979 617.08607 616.39524 615.7073 615.02226 614.34014 613.66093 612.98464 612.31129
656.40654 655.59424 654.7829 653.97261 653.16345 652.3555 651.54886 650.74359 649.93977 649.13748 648.33679 647.53775 646.74045 645.94493 645.15126 644.35949 643.56969 642.7819 641.99618 641.21257 640.43112 639.65188 638.87488 638.10018 637.3278 636.5578 635.7902 635.02504 634.26235 633.50217 632.74452 631.98944 631.23695 630.48708 629.73985 628.99529 628.25343 627.51428 626.77786 626.0442 625.31331 624.58521 623.85992 623.13746 622.41783 621.70106 620.98716 620.27613 619.568 618.86278 618.16046 617.46107 616.76462 616.0711 615.38054 614.69293 614.00829 613.32661 612.64791 611.97219
656.32845 655.50858 654.68981 653.87224 653.05594 652.24099 651.42748 650.61548 649.80507 648.99631 648.18927 647.38402 646.58062 645.77913 644.9796 644.18209 643.38666 642.59335 641.80222 641.0133 640.22666 639.44232 638.66033 637.88073 637.10356 636.32885 635.55664 634.78696 634.01985 633.25532 632.49342 631.73417 630.9776 630.22372 629.47257 628.72417 627.97853 627.23569 626.49565 625.75844 625.02408 624.29257 623.56395 622.83821 622.11539 621.39548 620.6785 619.96447 619.25339 618.54527 617.84012 617.13796 616.43879 615.74262 615.04945 614.35929 613.67215 612.98803 612.30694 611.62888
656.24493 655.4175 654.59132 653.76648 652.94305 652.12112 651.30076 650.48205 649.66505 648.84984 648.03647 647.22502 646.41554 645.60809 644.80272 643.99949 643.19844 642.39964 641.60311 640.80892 640.01709 639.22768 638.44071 637.65624 636.87429 636.0949 635.3181 634.54392 633.7724 633.00356 632.23742 631.47402 630.71338 629.95553 629.20047 628.44824 627.69886 626.95235 626.20871 625.46798 624.73016 623.99528 623.26334 622.53436 621.80835 621.08532 620.3653 619.64827 618.93426 618.22328 617.51533 616.81042 616.10855 615.40974 614.71399 614.02131 613.33169 612.64515 611.96169 611.28131
656.15588 655.3209 654.48732 653.65522 652.82468 651.99578 651.16858 650.34317 649.51961 648.69796 647.87829 647.06065 646.24511 645.43172 644.62053 643.81159 643.00496 642.20067 641.39877 640.59932 639.80233 639.00786 638.21595 637.42662 636.63991 635.85586 635.0745 634.29584 633.51994 632.7468 631.97645 631.20893 630.44425 629.68243 628.92349 628.16747 627.41436 626.6642 625.91699 625.17275 624.43151 623.69326 622.95803 622.22583 621.49666 620.77055 620.04749 619.3275 618.61059 617.89676 617.18603 616.47839 615.77385 615.07243 614.37412 613.67893 612.98687 612.29793 611.61211 610.92943
656.06116 655.21865 654.37768 653.53834 652.70071 651.86485 651.03084 650.19875 649.36864 648.54057 647.71461 646.89081 646.06923 645.24992 644.43293 643.61831 642.8061 641.99636 641.18911 640.38441 639.5823 638.7828 637.98595 637.19179 636.40035 635.61166 634.82575 634.04265 633.26238 632.48497 631.71044 630.93881 630.17011 629.40436 628.64157 627.88176 627.12496 626.37117 625.62041 624.8727 624.12805 623.38647 622.64797 621.91257 621.18027 620.45109 619.72503 619.0021 618.28231 617.56566 616.85216 616.14182 615.43464 614.73063 614.02979 613.33212 612.63762 611.9463 611.25817 610.57321
655.96066 655.11063 654.2623 653.41574 652.57102 651.72823 650.88742 650.04867 649.21203 648.37757 647.54534 646.7154 645.8878 645.06259 644.23982 643.41954 642.60179 641.78661 640.97404 640.16412 639.35689 638.55239 637.75064 636.95167 636.15552 635.36222 634.57179 633.78426 632.99966 632.218 631.43931 630.66361 629.89091 629.12125 628.35463 627.59107 626.83059 626.07321 625.31893 624.56776 623.81973 623.07484 622.3331 621.59453 620.85912 620.1269 619.39786 618.67201 617.94936 617.22992 616.51369 615.80067 615.09087 614.38429 613.68094 612.98081 612.28392 611.59025 610.89981 610.2126
655.85425 654.99672 654.14104 653.28728 652.43551 651.5858 650.73822 649.89283 649.04968 648.20885 647.37037 646.53431 645.70072 644.86964 644.04112 643.2152 642.39192 641.57133 640.75347 639.93836 639.12604 638.31656 637.50992 636.70618 635.90535 635.10746 634.31254 633.52061 632.73169 631.94581 631.16299 630.38324 629.60658 628.83303 628.06261 627.29533 626.5312 625.77024 625.01247 624.25788 623.50649 622.75832 622.01337 621.27164 620.53316 619.79792 619.06592 618.33719 617.61171 616.8895 616.17056 615.45489 614.74249 614.03338 613.32754 612.62498 611.9257 611.22971 610.537 609.84756
655.74182 654.87681 654.0138 653.15286 652.29406 651.43745 650.58312 649.73111 648.88149 648.0343 647.18961 646.34745 645.50789 644.67096 643.83671 643.00518 642.17641 641.35044 640.5273 639.70703 638.88966 638.07521 637.26373 636.45523 635.64975 634.8473 634.04792 633.25161 632.45842 631.66834 630.88141 630.09764 629.31704 628.53964 627.76544 626.99447 626.22672 625.46222 624.70097 623.94298 623.18827 622.43684 621.6887 620.94386 620.20232 619.46409 618.72917 617.99757 617.26929 616.54434 615.82272 615.10442 614.38946 613.67783 612.96953 612.26457 611.56294 610.86464 610.16968 609.47805
655.62323 654.75077 653.88045 653.01236 652.14654 651.28307 650.42201 649.56341 648.70733 647.85382 647.00294 646.15472 645.30921 644.46647 643.62652 642.78941 641.95517 641.12384 640.29546 639.47005 638.64765 637.82828 637.01197 636.19875 635.38864 634.58167 633.77784 632.9772 632.17975 631.38551 630.5945 629.80674 629.02224 628.24101 627.46306 626.68842 625.91708 625.14906 624.38437 623.62302 622.86501 622.11036 621.35906 620.61112 619.86656 619.12537 618.38755 617.65312 616.92206 616.1944 615.47012 614.74922 614.03172 613.3176 612.60687 611.89953 611.19558 610.49501 609.79782 609.10402
