Progetto/32 Decenni/raster/81-90.asc
NCOLS 600
NROWS 600
XLLCORNER -124.215
YLLCORNER 32.5722
DX 0.01674
DY 0.01565
NODATA_VALUE -9999
[rows 494 to 519 of 600, columns 120 to 179 of 600]
495.15025 494.36851 493.58254 492.79232 491.99787 491.19918 490.39625 489.58907 488.77766 487.96202 487.14215 486.31805 485.48975 484.65724 483.82054 482.97967 482.13463 481.28544 480.43213 479.57471 478.7132 477.84763 476.97801 476.10438 475.22676 474.34518 473.45966 472.57025 471.67698 470.77987 469.87896 468.97429 468.0659 467.15382 466.2381 465.31877 464.39587 463.46946 462.53956 461.60622 460.66948 459.7294 458.786 457.83934 456.88946 455.9364 454.9802 454.02091 453.05857 452.09323 451.12493 450.15371 449.17961 448.20267 447.22295 446.24048 445.25532 444.2675 443.27708 442.2841
494.85379 494.07463 493.2913 492.50379 491.71211 490.91625 490.11622 489.31201 488.50363 487.69109 486.87439 486.05354 485.22855 484.39943 483.56619 482.72885 481.88741 481.04191 480.19235 479.33876 478.48116 477.61957 476.75402 475.88453 475.01113 474.13385 473.25272 472.36777 471.47903 470.58654 469.69034 468.79046 467.88693 466.97981 466.06912 465.15492 464.23723 463.31611 462.39159 461.46373 460.53256 459.59813 458.66048 457.71967 456.77573 455.82871 454.87866 453.92563 452.96966 452.0108 451.04909 450.08459 449.11734 448.14739 447.1748 446.1996 445.22187 444.24164 443.25899 442.27397
494.56012 493.78354 493.00285 492.21804 491.42913 490.6361 489.83896 489.03771 488.23236 487.42291 486.60937 485.79175 484.97006 484.14431 483.31451 482.48068 481.64283 480.80099 479.95516 479.10538 478.25166 477.39403 476.53251 475.66713 474.79792 473.9249 473.04812 472.16759 471.28335 470.39544 469.5039 468.60876 467.71006 466.80784 465.90215 464.99301 464.08048 463.1646 462.24541 461.32296 460.3973 459.46846 458.5365 457.60147 456.66341 455.72237 454.7784 453.83155 452.88187 451.92941 450.97422 450.01635 449.05586 448.09281 447.12724 446.15922 445.1888 444.21605 443.24104 442.26384
494.2692 493.4952 492.71715 491.93504 491.14889 490.35868 489.56443 488.76613 487.96379 487.15743 486.34704 485.53263 484.71423 483.89183 483.06546 482.23512 481.40084 480.56263 479.72052 478.87452 478.02466 477.17095 476.31344 475.45214 474.58708 473.71829 472.84581 471.96967 471.08989 470.20653 469.3196 468.42916 467.53524 466.63788 465.73712 464.833 463.92558 463.01488 462.10097 461.18387 460.26365 459.34035 458.41401 457.4847 456.55244 455.61731 454.67934 453.7386 452.79513 451.84899 450.90023 449.94891 448.9951 448.03883 447.08019 446.11923 445.15602 444.19063 443.22314 442.25362
493.98101 493.20958 492.43416 491.65475 490.87135 490.08396 489.29258 488.49723 487.6979 486.89461 486.08735 485.27615 484.46102 483.64196 482.81899 481.99213 481.16139 480.3268 479.48837 478.64613 477.80009 476.95029 476.09675 475.2395 474.37856 473.51397 472.64576 471.77396 470.89861 470.01974 469.13739 468.2516 467.36241 466.46986 465.57399 464.67484 463.77247 462.8669 461.9582 461.04641 460.13157 459.21374 458.29296 457.36929 456.44278 455.51348 454.58144 453.64673 452.70939 451.76949 450.82707 449.88221 448.93497 447.9854 447.03358 446.07957 445.12346 444.1653 443.20519 442.2432
493.6955 492.92664 492.15385 491.37713 490.59648 489.8119 489.0234 488.23098 487.43464 486.63441 485.83028 485.02227 484.21038 483.39464 482.57506 481.75166 480.92445 480.09345 479.25868 478.42017 477.57793 476.73201 475.88241 475.02917 474.17232 473.3119 472.44792 471.58043 470.70946 469.83505 468.95723 468.07605 467.19154 466.30375 465.41272 464.51849 463.62111 462.72062 461.81707 460.91052 460.001 459.08858 458.17329 457.2552 456.33436 455.41082 454.48464 453.55588 452.62459 451.69084 450.75468 449.81618 448.87542 447.93244 446.98733 446.04017 445.09102 444.13997 443.1871 442.23251
493.41264 492.64636 491.87619 491.10216 490.32425 489.54247 488.75683 487.96733 487.17398 486.37679 485.57577 484.77094 483.96229 483.14986 482.33364 481.51367 480.68996 479.86253 479.0314 478.1966 477.35814 476.51605 475.67037 474.82112 473.96832 473.11202 472.25224 471.38902 470.52239 469.65239 468.77906 467.90244 467.02257 466.13949 465.25325 464.36389 463.47145 462.57598 461.67753 460.77616 459.8719 458.96482 458.05496 457.14238 456.22714 455.30929 454.38888 453.46599 452.54067 451.61298 450.68299 449.75076 448.81637 447.87989 446.94139 446.00094 445.05864 444.11457 443.16881 442.22147
493.13241 492.36869 491.60115 490.82979 490.05461 489.27563 488.49284 487.70626 486.91588 486.12173 485.3238 484.52212 483.7167 482.90755 482.09469 481.27813 480.4579 479.63402 478.8065 477.97537 477.14066 476.30239 475.46059 474.61529 473.76651 472.9143 472.05868 471.19969 470.33736 469.47174 468.60286 467.73075 466.85547 465.97706 465.09555 464.211 463.32345 462.43294 461.53954 460.64328 459.74422 458.84242 457.93792 457.03078 456.12106 455.20882 454.29412 453.37702 452.45758 451.53587 450.61195 449.6859 448.75779 447.82768 446.89567 445.96184 445.02626 444.08903 443.15025 442.21001
492.85476 492.0936 491.32868 490.55999 489.78755 489.01135 488.2314 487.44772 486.6603 485.86917 485.07433 484.27579 483.47358 482.66769 481.85816 481.045 480.22823 479.40786 478.58393 477.75646 476.92546 476.09098 475.25303 474.41164 473.56686 472.7187 471.8672 471.0124 470.15434 469.29304 468.42856 467.56093 466.69019 465.81639 464.93957 464.05978 463.17706 462.29146 461.40304 460.51184 459.61792 458.72132 457.82211 456.92035 456.01609 455.10938 454.2003 453.28891 452.37527 451.45944 450.54151 449.62153 448.6996 447.77577 446.85014 445.92279 444.99381 444.0633 443.13134 442.19805
492.57967 491.82107 491.05876 490.29273 489.52301 488.74959 487.97247 487.19168 486.40722 485.61909 484.82732 484.03191 483.23288 482.43024 481.62402 480.81423 480.00089 479.18403 478.36366 477.53981 476.71251 475.88178 475.04765 474.21015 473.36932 472.52518 471.67776 470.82712 469.97327 469.11627 468.25614 467.39294 466.52669 465.65746 464.78527 463.91019 463.03224 462.1515 461.268 460.38179 459.49294 458.6015 457.70751 456.81105 455.91217 455.01093 454.10739 453.20162 452.29369 451.38366 450.47162 449.55762 448.64176 447.7241 446.80474 445.88376 444.96125 444.03731 443.11205 442.18556
492.30711 491.55106 490.79135 490.02798 489.26097 488.49031 487.71603 486.93811 486.15658 485.37145 484.58273 483.79043 482.99457 482.19517 481.39223 480.5858 479.77587 478.96248 478.14565 477.3254 476.50175 475.67475 474.84441 474.01077 473.17385 472.33369 471.49033 470.6438 469.79413 468.94137 468.08556 467.22673 466.36494 465.50022 464.63262 463.76218 462.88896 462.01301 461.13437 460.25311 459.36926 458.4829 457.59407 456.70284 455.80926 454.9134 454.01533 453.11511 452.2128 451.30848 450.40223 449.49412 448.58422 447.67263 446.75942 445.84469 444.92852 444.01103 443.09231 442.17248
492.03705 491.28354 490.52643 489.76571 489.0014 488.2335 487.46202 486.68698 485.90837 485.12622 484.34053 483.55133 482.75862 481.96243 481.16276 480.35965 479.55312 478.74318 477.92985 477.11318 476.29317 475.46986 474.64328 473.81345 472.98042 472.14421 471.30486 470.4624 469.61687 468.76832 467.91677 467.06228 466.20489 465.34463 464.48156 463.61573 462.74718 461.87596 461.00213 460.12574 459.24684 458.36549 457.48175 456.59567 455.70733 454.81678 453.92409 453.02933 452.13256 451.23386 450.33331 449.43098 448.52695 447.6213 446.71413 445.80553 444.89559 443.98441 443.0721 442.15877
491.76945 491.01848 490.26396 489.50588 488.74426 487.97911 487.21044 486.43824 485.66255 484.88336 484.10069 483.31457 482.52499 481.73199 480.93558 480.13577 479.3326 478.52609 477.71625 476.90312 476.08671 475.26707 474.44421 473.61818 472.78899 471.95669 471.12131 470.28289 469.44146 468.59707 467.74975 466.89954 466.0465 465.19066 464.33208 463.47079 462.60685 461.74032 460.87123 459.99965 459.12563 458.24923 457.37051 456.48952 455.60634 454.72102 453.83363 452.94424 452.05293 451.15976 450.26481 449.36816 448.46989 447.5701 446.66885 445.76626 444.86241 443.95742 443.05137 442.1444
491.5043 490.75586 490.00391 489.24847 488.48954 487.72712 486.96123 486.19188 485.41908 484.64284 483.86318 483.08011 482.29365 481.50382 480.71064 479.91412 479.11429 478.31118 477.5048 476.69518 475.88235 475.06634 474.24718 473.4249 472.59953 471.7711 470.93966 470.10523 469.26786 468.42759 467.58445 466.73849 465.88975 465.03828 464.18412 463.32733 462.46795 461.60603 460.74163 459.8748 459.0056 458.13409 457.26031 456.38434 455.50625 454.62608 453.74392 452.85983 451.97388 451.08614 450.1967 449.30564 448.41303 447.51897 446.62354 445.72684 444.82896 443.93001 443.0301 442.12934
491.24155 490.49563 489.74626 488.99344 488.23718 487.47749 486.71438 485.94786 485.17794 484.40463 483.62796 482.84793 482.06457 481.27789 480.48792 479.69466 478.89815 478.09841 477.29547 476.48934 475.68006 474.86765 474.05215 473.23359 472.412 471.58741 470.75987 469.9294 469.09604 468.25984 467.42084 466.57908 465.7346 464.88744 464.03767 463.18532 462.33044 461.47309 460.61331 459.75117 458.88672 458.02002 457.15113 456.28011 455.40702 454.53194 453.65492 452.77604 451.89536 451.01298 450.12896 449.24338 448.35633 447.4679 446.57817 445.68724 444.79521 443.90218 443.00826 442.11356
490.98119 490.23779 489.49098 488.74077 487.98718 487.2302 486.46985 485.70614 484.93909 484.1687 483.395 482.618 481.83772 481.05417 480.26738 479.47736 478.68415 477.88776 477.08822 476.28555 475.47979 474.67096 473.85909 473.04422 472.22637 471.40559 470.5819 469.75535 468.92597 468.0938 467.25889 466.42128 465.58101 464.73813 463.89268 463.04471 462.19428 461.34144 460.48623 459.62872 458.76896 457.90702 457.04294 456.17679 455.30864 454.43856 453.5666 452.69285 451.81737 450.94024 450.06154 449.18136 448.29976 447.41685 446.53271 445.64744 444.76113 443.8739 442.98584 442.09707
490.72318 489.98229 489.23803 488.49043 487.73949 486.98521 486.22761 485.4667 484.7025 483.93502 483.16428 482.39028 481.61306 480.83262 480.04899 479.2622 478.47225 477.67919 476.88303 476.08379 475.28152 474.47623 473.66796 472.85675 472.04261 471.22559 470.40573 469.58305 468.75761 467.92943 467.09857 466.26506 465.42896 464.59029 463.74912 462.90549 462.05945 461.21106 460.36037 459.50742 458.65229 457.79503 456.9357 456.07435 455.21107 454.34591 453.47894 452.61023 451.73986 450.8679 449.99444 449.11954 448.2433 447.36581 446.48715 445.60742 444.72672 443.84515 442.96281 442.07983
490.4675 489.72911 488.9874 488.24239 487.49409 486.7425 485.98764 485.22952 484.46816 483.70356 482.93575 482.16474 481.39056 480.61321 479.83273 479.04913 478.26243 477.47267 476.67986 475.88403 475.08522 474.28344 473.47874 472.67114 471.86068 471.04739 470.23131 469.41248 468.59093 467.76671 466.93985 466.1104 465.27841 464.44391 463.60697 462.76762 461.92593 461.08193 460.23568 459.38725 458.53668 457.68404 456.82938 455.97278 455.11428 454.25397 453.39191 452.52817 451.66282 450.79594 449.92761 449.05792 448.18693 447.31475 446.44146 445.56716 444.69195 443.81592 442.93919 442.06186
490.21412 489.47822 488.73905 487.99662 487.25095 486.50204 485.7499 484.99456 484.23602 483.47429 482.7094 481.94136 481.1702 480.39592 479.61856 478.83813 478.05466 477.26817 476.47868 475.68624 474.89085 474.09256 473.2914 472.48739 471.68057 470.87097 470.05864 469.2436 468.42591 467.60559 466.78269 465.95726 465.12934 464.29897 463.4662 462.63108 461.79367 460.95401 460.11216 459.26817 458.4221 457.57402 456.72397 455.87203 455.01826 454.16272 453.30549 452.44663 451.58622 450.72434 449.86106 448.99646 448.13064 447.26367 446.39564 445.52666 444.65681 443.78621 442.91495 442.04314
489.96303 489.2296 488.49296 487.7531 487.01005 486.2638 485.51438 484.76179 484.00605 483.24718 482.4852 481.72011 480.95194 480.18072 479.40645 478.62917 477.8489 477.06566 476.27947 475.49038 474.6984 473.90356 473.10589 472.30544 471.50223 470.69629 469.88767 469.07639 468.26251 467.44606 466.62708 465.80562 464.98171 464.15542 463.32677 462.49584 461.66265 460.82728 459.98976 459.15016 458.30853 457.46494 456.61944 455.77209 454.92297 454.07213 453.21965 452.3656 451.51005 450.65307 449.79475 448.93517 448.0744 447.21254 446.34968 445.4859 444.62131 443.75601 442.89009 442.02368
489.71418 488.98323 488.2491 487.5118 486.77135 486.02776 485.28103 484.53119 483.77824 483.02221 482.26311 481.50096 480.73577 479.96757 479.19639 478.42223 477.64513 476.86511 476.0822 475.29643 474.50782 473.7164 472.92221 472.12528 471.32564 470.52332 469.71837 468.91082 468.10071 467.28808 466.47298 465.65544 464.83551 464.01324 463.18868 462.36187 461.53286 460.70171 459.86847 459.0332 458.19595 457.35678 456.51576 455.67295 454.8284 453.98219 453.13439 452.28506 451.43428 450.58213 449.72868 448.87401 448.01821 447.16137 446.30356 445.44489 444.58544 443.72532 442.86464 442.00349
489.46756 488.73907 488.00745 487.2727 486.53485 485.79389 485.04985 484.30273 483.55256 482.79935 482.04311 481.28387 480.52165 479.75646 478.98833 478.21727 477.44332 476.66651 475.88684 475.10436 474.31909 473.53107 472.74032 471.94687 471.15077 470.35204 469.55073 468.74686 467.94049 467.13164 466.32037 465.50671 464.69071 463.87242 463.05188 462.22914 461.40426 460.57729 459.74827 458.91727 458.08433 457.24953 456.41293 455.57457 454.73453 453.89288 453.04968 452.205 451.35891 450.5115 449.66284 448.813 447.96207 447.11013 446.25728 445.40361 444.5492 443.69416 442.83858 441.98257
489.22314 488.4971 487.76798 487.03577 486.30049 485.56216 484.82079 484.07639 483.32898 482.57857 481.82519 481.06884 480.30955 479.54735 478.78225 478.01428 477.24345 476.46981 475.69336 474.91415 474.1322 473.34753 472.56019 471.7702 470.9776 470.18243 469.38471 468.58449 467.78181 466.97671 466.16922 465.3594 464.54728 463.73292 462.91636 462.09765 461.27684 460.45398 459.62913 458.80234 457.97366 457.14317 456.31091 455.47695 454.64135 453.80418 452.9655 452.1254 451.28393 450.44117 449.59721 448.75211 447.90596 447.05885 446.21085 445.36207 444.51259 443.66251 442.81193 441.96095
488.9809 488.25731 487.53066 486.80098 486.06828 485.33256 484.59384 483.85214 483.10747 482.35985 481.6093 480.85583 480.09946 479.34022 478.57813 477.81322 477.04549 476.27499 475.50174 474.72577 473.9471 473.16577 472.3818 471.59524 470.80611 470.01445 469.2203 468.42369 467.62466 466.82325 466.01952 465.21349 464.40521 463.59473 462.7821 461.96736 461.15057 460.33178 459.51104 458.6884 457.86392 457.03767 456.20969 455.38006 454.54883 453.71608 452.88186 452.04625 451.20931 450.37114 449.53178 448.69134 447.84988 447.0075 446.16426 445.32028 444.47563 443.6304 442.78471 441.93864
488.74082 488.01966 487.29549 486.56832 485.83817 485.10505 484.36898 483.62996 482.88801 482.14316 481.39542 480.64481 479.89134 479.13505 478.37595 477.61406 476.84942 476.08204 475.31196 474.5392 473.76378 472.98575 472.20513 471.42196 470.63627 469.84809 469.05746 468.26442 467.46901 466.67126 465.87123 465.06895 464.26446 463.45782 462.64907 461.83826 461.02544 460.21066 459.39397 458.57543 457.75509 456.93302 456.10927 455.2839 454.45697 453.62856 452.79873 451.96754 451.13507 450.30138 449.46657 448.63069 447.79384 446.95609 446.11752 445.27823 444.43831 443.59784 442.75692 441.91565
488.50287 487.78413 487.06242 486.33776 485.61015 484.87962 484.14617 483.40982 482.67058 481.92848 481.18354 480.43576 479.68518 478.93181 478.17567 477.4168 476.65521 475.89093 475.12398 474.3544 473.58222 472.80746 472.03015 471.25034 470.46805 469.68332 468.89618 468.10667 467.31483 466.52071 465.72434 464.92577 464.12503 463.32218 462.51727 461.71033 460.90142 460.0906 459.27791 458.46341 457.64716 456.82921 456.00962 455.18845 454.36576 453.54163 452.7161 451.88926 451.06118 450.23192 449.40155 448.57016 447.73783 446.90462 446.07064 445.23595 444.40066 443.56484 442.72859 441.89202
