Progetto/32 Decenni/raster/91-00.asc
NCOLS 600
NROWS 600
XLLCORNER -124.215
YLLCORNER 32.5722
DX 0.01674
DY 0.01565
NODATA_VALUE -9999
[rows 520 to 545 of 600, columns 180 to 239 of 600]
542.382 541.7039 541.02715 540.35186 539.67812 539.00606 538.33577 537.66737 537.00097 536.33668 535.67463 535.01492 534.35768 533.70303 533.05108 532.40195 531.75577 531.11265 530.47271 529.83606 529.20282 528.57309 527.94698 527.32459 526.70602 526.09136 525.48069 524.87408 524.27159 523.6733 523.07923 522.48943 521.90392 521.3227 520.74576 520.17308 519.60463 519.04035 518.48015 517.92395 517.37164 516.82307 516.2781 515.73654 515.19819 514.66284 514.13024 513.60012 513.07219 512.54614 512.02163 511.4983 510.97577 510.45364 509.93148 509.40886 508.88531 508.36035 507.83348 507.30419
542.24528 541.56912 540.89426 540.2208 539.54885 538.87851 538.20987 537.54306 536.87817 536.21532 535.5546 534.89615 534.24005 533.58643 532.9354 532.28706 531.64154 530.99893 530.35934 529.72289 529.08967 528.45978 527.83332 527.21038 526.59104 525.97538 525.36348 524.7554 524.15119 523.5509 522.95456 522.36221 521.77385 521.18948 520.60908 520.03264 519.46009 518.89139 518.32645 517.76517 517.20745 516.65314 516.10209 515.55413 515.00906 514.46667 513.92672 513.38896 512.8531 512.31885 511.78588 511.25385 510.72241 510.19116 509.65972 509.12766 508.59455 508.05993 507.52334 506.98431
542.10848 541.43419 540.76115 540.08947 539.41924 538.75056 538.08352 537.41823 536.75479 536.0933 535.43386 534.77658 534.12157 533.46892 532.81875 532.17114 531.52622 530.88407 530.2448 529.6085 528.97526 528.34518 527.71835 527.09483 526.47472 525.85807 525.24495 524.63542 524.02952 523.42728 522.82875 522.23392 521.64281 521.05541 520.4717 519.89164 519.31519 518.74227 518.1728 517.6067 517.04384 516.48408 515.92729 515.37328 514.82186 514.27284 513.72598 513.18103 512.63772 512.09578 511.55489 511.01473 510.47495 509.93521 509.39511 508.85426 508.31227 507.76869 507.22309 506.67502
541.97163 541.29915 540.62788 539.95792 539.28934 538.62226 537.95676 537.29293 536.63087 535.97069 535.31247 534.65632 534.00233 533.3506 532.70123 532.05431 531.40993 530.7682 530.1292 529.49302 528.85974 528.22945 527.60222 526.97812 526.35723 525.7396 525.12529 524.51434 523.90679 523.30267 522.70201 522.1048 521.51104 520.92074 520.33384 519.75033 519.17014 518.5932 518.01944 517.44874 516.88101 516.3161 515.75387 515.19414 514.63675 514.08148 513.52811 512.97641 512.42612 511.87697 511.32866 510.7809 510.23335 509.68567 509.13751 508.58849 508.03824 507.48634 506.9324 506.37598
541.83475 541.16403 540.49448 539.82617 539.15921 538.49367 537.82964 537.16722 536.5065 535.84757 535.19051 534.53543 533.88242 533.23155 532.58294 531.93666 531.29279 530.65144 530.01268 529.37658 528.74324 528.11272 527.48509 526.86041 526.23875 525.62015 525.00467 524.39234 523.7832 523.17725 522.57453 521.97503 521.37874 520.78564 520.19571 519.60889 519.02514 518.44438 517.86653 517.29149 516.71914 516.14935 515.58198 515.01687 514.45383 513.89268 513.3332 512.77516 512.21832 511.66242 511.10718 510.55231 509.99751 509.44244 508.88677 508.33016 507.77224 507.21263 506.65095 506.08681
541.69788 541.02887 540.36098 539.69429 539.02887 538.36483 537.70223 537.04117 536.38173 535.72399 535.06806 534.414 533.76191 533.11187 532.46397 531.81829 531.17491 530.5339 529.89535 529.25932 528.6259 527.99513 527.3671 526.74184 526.11942 525.49989 524.88327 524.2696 523.65891 523.05121 522.44651 521.8448 521.24608 520.65032 520.05748 519.46752 518.88038 518.29599 517.71426 517.1351 516.55838 515.98398 515.41177 514.84158 514.27323 513.70655 513.14133 512.57734 512.01437 511.45215 510.89043 510.32893 509.76735 509.2054 508.64275 508.07908 507.51404 506.94729 506.37846 505.80718
541.56105 540.89371 540.22743 539.5623 538.89839 538.23579 537.57457 536.91482 536.25661 535.60004 534.94517 534.2921 533.6409 532.99165 532.34443 531.69931 531.05637 530.41569 529.77733 529.14135 528.50783 527.87683 527.24839 526.62257 525.99941 525.37895 524.76123 524.14627 523.53409 522.9247 522.31811 521.71429 521.11325 520.51494 519.91934 519.32639 518.73603 518.14819 517.56279 516.97972 516.39888 515.82013 515.24335 514.66837 514.09503 513.52316 512.95255 512.38299 511.81427 511.24615 510.67837 510.11068 509.5428 508.97444 508.4053 507.83507 507.26344 506.69007 506.11463 505.53676
541.42429 540.75857 540.09387 539.43026 538.76781 538.10661 537.44672 536.78824 536.13123 535.47577 534.82194 534.16981 533.51946 532.87096 532.22438 531.57981 530.93729 530.29691 529.65872 529.02279 528.38918 527.75792 527.12909 526.50271 525.87884 525.2575 524.63872 524.02251 523.40891 522.7979 522.18949 521.58366 520.9804 520.37967 519.78144 519.18564 518.59223 518.00113 517.41225 516.8255 516.24076 515.65791 515.07682 514.49734 513.91932 513.34256 512.7669 512.19213 511.61803 511.04439 510.47097 509.89751 509.32375 508.74943 508.17426 507.59796 507.02022 506.44072 505.85917 505.27523
541.28765 540.62351 539.96033 539.29819 538.63717 537.97733 537.31874 536.66148 536.00563 535.35125 534.69841 534.04719 533.39766 532.74989 532.10394 531.45987 530.81777 530.17767 529.53965 528.90375 528.27003 527.63854 527.00933 526.38242 525.75785 525.13565 524.51585 523.89846 523.28349 522.67093 522.06079 521.45305 520.84768 520.24465 519.64392 519.04543 518.44913 517.85494 517.26278 516.67254 516.08413 515.49742 514.91228 514.32858 513.74615 513.16482 512.58443 512.00478 511.42566 510.84686 510.26817 509.68933 509.11012 508.53026 507.9495 507.36756 506.78416 506.19901 505.61181 505.02228
541.15114 540.48854 539.82686 539.16616 538.50652 537.848 537.19067 536.5346 535.87987 535.22653 534.57467 533.92433 533.27559 532.62852 531.98317 531.3396 530.69788 530.05806 529.42019 528.78433 528.15052 527.5188 526.88921 526.26179 525.63656 525.01355 524.39278 523.77425 523.15797 522.54395 521.93216 521.32259 520.71522 520.11001 519.50692 518.90588 518.30685 517.70974 517.11448 516.52097 515.9291 515.33875 514.74982 514.16214 513.57558 512.98997 512.40515 511.82094 511.23713 510.65353 510.06992 509.48609 508.90179 508.3168 507.73085 507.14369 506.55506 505.96469 505.37229 504.7776
541.01482 540.35372 539.69349 539.03419 538.3759 537.71867 537.06257 536.40766 535.75402 535.1017 534.45077 533.80129 533.15332 532.50692 531.86215 531.21907 530.57773 529.93818 529.30046 528.66463 528.03073 527.3988 526.76886 526.14095 525.51509 524.89131 524.26961 523.65 523.03249 522.41707 521.80372 521.19242 520.58316 519.97588 519.37055 518.76711 518.1655 517.56565 516.96747 516.37087 515.77575 515.18199 514.58948 513.99809 513.40766 512.81805 512.22909 511.64061 511.05243 510.46436 509.87618 509.2877 508.69869 508.10892 507.51817 506.92619 506.33272 505.73753 505.14035 504.54093
540.8787 540.21907 539.56027 538.90234 538.24536 537.58938 536.93448 536.2807 535.62812 534.97679 534.32677 533.67813 533.03091 532.38517 531.74097 531.09836 530.45739 529.8181 529.18054 528.54476 527.91078 527.27864 526.64837 526.02 525.39355 524.76903 524.14646 523.52583 522.90715 522.2904 521.67558 521.06266 520.4516 519.84238 519.23494 518.62923 518.02519 517.42275 516.82182 516.22232 515.62415 515.0272 514.43135 513.83647 513.24242 512.64907 512.05625 511.4638 510.87154 510.2793 509.68688 509.09408 508.50069 507.90651 507.31131 506.71487 506.11695 505.51732 504.91574 504.31197
540.74283 540.08464 539.42722 538.77063 538.11494 537.46019 536.80646 536.15379 535.50224 534.85188 534.20275 533.55492 532.90843 532.26334 531.6197 530.97756 530.33695 529.69792 529.06053 528.42479 527.79074 527.15842 526.52785 525.89905 525.27205 524.64684 524.02344 523.40185 522.78206 522.16407 521.54786 520.93339 520.32065 519.70959 519.10017 518.49233 517.88601 517.28114 516.67764 516.07542 515.47439 514.87444 514.27546 513.67732 513.0799 512.48305 511.88663 511.29048 510.69443 510.09832 509.50195 508.90515 508.30771 507.70945 507.11014 506.50958 505.90756 505.30385 504.69822 504.09046
540.60724 539.95046 539.2944 538.63912 537.98469 537.33114 536.67855 536.02696 535.37643 534.72701 534.07876 533.43173 532.78596 532.14151 531.49841 530.85672 530.21648 529.57772 528.94049 528.30481 527.67072 527.03823 526.40739 525.77819 525.15067 524.52482 523.90064 523.27815 522.65733 522.03817 521.42065 520.80474 520.19042 519.57763 518.96635 518.3565 517.74804 517.14089 516.53498 515.93022 515.32651 514.72376 514.12185 513.52068 512.92011 512.32 511.72023 511.12064 510.52107 509.92135 509.32133 508.72082 508.11964 507.5176 506.9145 506.31016 505.70435 505.09689 504.48756 503.87616
540.47195 539.81655 539.16183 538.50784 537.85464 537.20227 536.5508 535.90027 535.25074 534.60225 533.95486 533.30861 532.66355 532.01972 531.37717 530.73594 530.09606 529.45758 528.82052 528.18491 527.55079 526.91817 526.28707 525.65751 525.02951 524.40306 523.77817 523.15483 522.53305 521.91279 521.29404 520.67678 520.06098 519.44658 518.83355 518.22183 517.61137 517.00209 516.39392 515.78677 515.18057 514.5752 513.97057 513.36656 512.76306 512.15993 511.55704 510.95425 510.35141 509.74836 509.14496 508.54102 507.93637 507.33085 506.72426 506.11643 505.50716 504.89626 504.28354 503.6688
540.33701 539.68297 539.02956 538.37683 537.72484 537.07363 536.42326 535.77377 535.12522 534.47765 533.8311 533.18562 532.54126 531.89806 531.25605 530.61527 529.97576 529.33756 528.70068 528.06516 527.43103 526.79829 526.16698 525.5371 524.90865 524.28165 523.6561 523.03198 522.40929 521.78802 521.16813 520.54961 519.93242 519.31651 518.70185 518.08838 517.47605 516.86478 516.2545 515.64514 515.03661 514.42881 513.82164 513.215 512.60876 512.00282 511.39704 510.79128 510.18542 509.57929 508.97275 508.36565 507.75781 507.14908 506.53928 505.92825 505.31579 504.70175 504.08593 503.46815
540.20245 539.54974 538.89761 538.24613 537.59533 536.94526 536.29597 535.64751 534.99992 534.35325 533.70754 533.06283 532.41916 531.77657 531.1351 530.49478 529.85565 529.21773 528.58105 527.94564 527.31152 526.6787 526.04719 525.41702 524.78818 524.16068 523.53452 522.90968 522.28616 521.66393 521.04299 520.42329 519.80481 519.1875 518.57133 517.95623 517.34215 516.72903 516.11679 515.50537 514.89467 514.2846 513.67508 513.06599 512.45723 511.84867 511.24021 510.63172 510.02305 509.41407 508.80465 508.19463 507.58385 506.97217 506.35943 505.74545 505.13009 504.51317 503.89452 503.27399
540.06829 539.41689 538.76604 538.11577 537.46614 536.8172 536.16898 535.52153 534.87489 534.22911 533.58422 532.94027 532.29729 531.65532 531.01439 530.37454 529.73579 529.09817 528.4617 527.82642 527.19233 526.55944 525.92779 525.29736 524.66817 524.04022 523.4135 522.788 522.16371 521.54061 520.91869 520.2979 519.67823 519.05962 518.44203 517.82542 517.20973 516.59489 515.98083 515.36749 514.75478 514.14262 513.5309 512.91955 512.30844 511.69748 511.08654 510.47551 509.86426 509.25266 508.64057 508.02787 507.41439 506.80001 506.18456 505.56791 504.94989 504.33035 503.70913 503.08609
539.93456 539.28446 538.63486 537.9858 537.33733 536.68949 536.04232 535.39587 534.75017 534.10527 533.46121 532.81801 532.17572 531.53436 530.89398 530.2546 529.61624 528.97893 528.34269 527.70755 527.07352 526.44061 525.80883 525.17819 524.54869 523.92033 523.29311 522.66701 522.04202 521.41812 520.79529 520.17351 519.55273 518.93292 518.31403 517.69602 517.07882 516.46239 515.84665 515.23154 514.61697 514.00286 513.38913 512.77568 512.16241 511.54922 510.936 510.32263 509.709 509.09498 508.48046 507.86529 507.24934 506.63248 506.01456 505.39546 504.77502 504.1531 503.52956 502.90425
539.80131 539.15248 538.50411 537.85624 537.20891 536.56216 535.91604 535.27058 534.62581 533.98179 533.33854 532.69609 532.05449 531.41375 530.77392 530.13501 529.49705 528.86007 528.22409 527.58911 526.95516 526.32225 525.69038 525.05957 524.4298 523.80109 523.17342 522.54677 521.92115 521.29652 520.67287 520.05017 519.42837 518.80745 518.18737 517.56806 516.94949 516.33159 515.7143 515.09754 514.48126 513.86536 513.24976 512.63438 512.01911 511.40387 510.78855 510.17304 509.55722 508.94099 508.32422 507.70679 507.08859 506.46946 505.8493 505.22797 504.60533 503.98125 503.35561 502.72826
539.66855 539.02098 538.37383 537.72713 537.08093 536.43527 535.79018 535.14569 534.50186 533.8587 533.21626 532.57457 531.93365 531.29354 530.65426 530.01584 529.3783 528.74166 528.10594 527.47115 526.83731 526.20443 525.57251 524.94156 524.31157 523.68255 523.05448 522.42736 521.80116 521.17587 520.55147 519.92793 519.30521 518.68328 518.06209 517.4416 516.82176 516.2025 515.58378 514.96552 514.34766 513.73011 513.1128 512.49564 511.87855 511.26142 510.64417 510.02669 509.40887 508.79061 508.1718 507.55231 506.93204 506.31086 505.68866 505.0653 504.44067 503.81465 503.18711 502.55792
539.53632 538.89 538.24405 537.59851 536.95343 536.30884 535.66477 535.02126 534.37834 533.73605 533.09442 532.45348 531.81325 531.17377 530.53505 529.89713 529.26002 528.62374 527.9883 527.35373 526.72003 526.08721 525.45527 524.82422 524.19406 523.56477 522.93636 522.30881 521.68211 521.05623 520.43115 519.80685 519.18329 518.56043 517.93824 517.31667 516.69566 516.07517 515.45514 514.8355 514.21619 513.59713 512.97825 512.35946 511.74069 511.12184 510.50283 509.88354 509.2639 508.64379 508.02311 507.40175 506.77961 506.15656 505.5325 504.90732 504.2809 503.65313 503.02388 502.39306
539.40464 538.75955 538.11479 537.47041 536.82643 536.1829 535.53985 534.89731 534.25531 533.61388 532.97306 532.33287 531.69334 531.05449 530.41635 529.77893 529.14226 528.50636 527.87123 527.2369 526.60336 525.97063 525.33871 524.7076 524.0773 523.44781 522.81911 522.19119 521.56404 520.93764 520.31195 519.68697 519.06265 518.43896 517.81585 517.19329 516.57123 515.94962 515.32839 514.70749 514.08686 513.46642 512.8461 512.22583 511.60553 510.98511 510.36448 509.74356 509.12226 508.50046 507.87809 507.25503 506.63119 506.00646 505.38073 504.75391 504.12587 503.49653 502.86577 502.23349
539.27355 538.62967 537.9861 537.34285 536.69998 536.0575 535.41546 534.77388 534.13279 533.49223 532.85222 532.21278 531.57395 530.93575 530.29819 529.66129 529.02508 528.38957 527.75477 527.1207 526.48736 525.85475 525.22288 524.59176 523.96137 523.33171 522.70277 522.07454 521.447 520.82014 520.19392 519.56833 518.94333 518.31889 517.69496 517.07151 516.4485 515.82586 515.20355 514.5815 513.95967 513.33798 512.71636 512.09474 511.47304 510.85119 510.22911 509.6067 508.98389 508.36057 507.73666 507.11207 506.4867 505.86045 505.23322 504.60493 503.97545 503.34472 502.71261 502.07904
539.14306 538.50039 537.85799 537.21588 536.57409 535.93267 535.29163 534.65101 534.01083 533.37113 532.73194 532.09326 531.45514 530.81758 530.18061 529.54426 528.90852 528.27342 527.63898 527.00519 526.37207 525.73962 525.10784 524.47673 523.84629 523.21651 522.58739 521.9589 521.33104 520.70378 520.0771 519.45097 518.82537 518.20025 517.5756 516.95135 516.32747 515.70391 515.08062 514.45755 513.83463 513.2118 512.589 511.96616 511.34321 510.72007 510.09666 509.47291 508.84874 508.22405 507.59876 506.97279 506.34605 505.71844 505.08987 504.46026 503.82951 503.19754 502.56425 501.92955
539.01321 538.37174 537.7305 537.08951 536.44881 535.80843 535.16839 534.52873 533.88947 533.25063 532.61225 531.97434 531.33693 530.70003 530.06367 529.42786 528.79262 528.15796 527.52388 526.89041 526.25753 525.62527 524.99361 524.36257 523.73212 523.10227 522.47301 521.84432 521.21619 520.58859 519.96151 519.33492 518.70879 518.08309 517.45778 516.83282 516.20818 515.5838 514.95963 514.33563 513.71173 513.08788 512.46402 511.84008 511.216 510.5917 509.96711 509.34215 508.71676 508.09084 507.46432 506.83712 506.20915 505.58033 504.95057 504.3198 503.68793 503.05486 502.42054 501.78486
