Progetto/32 Decenni/raster/91-00.asc
NCOLS 600
NROWS 600
XLLCORNER -124.215
YLLCORNER 32.5722
DX 0.01674
DY 0.01565
NODATA_VALUE -9999
[rows 52 to 77 of 600, columns 360 to 419 of 600]
731.45669 730.98658 730.5111 730.03046 729.54487 729.05452 728.55961 728.06033 727.55687 727.0494 726.53809 726.02311 725.50463 724.98281 724.4578 723.92975 723.39881 722.86511 722.32881 721.79003 721.2489 720.70554 720.1601 719.61267 719.06338 718.51235 717.95968 717.40547 716.84985 716.29289 715.73471 715.17541 714.61506 714.05377 713.49162 712.92869 712.36508 711.80086 711.23611 710.6709 710.10532 709.53943 708.9733 708.40701 707.84061 707.27418 706.70777 706.14145 705.57528 705.00931 704.4436 703.87821 703.31318 702.74858 702.18444 701.62082 701.05777 700.49533 699.93355 699.37246
731.50811 731.03143 730.54947 730.06246 729.57059 729.07406 728.57306 728.06778 727.55841 727.04512 726.52808 726.00746 725.48342 724.95612 724.42571 723.89234 723.35616 722.8173 722.27591 721.73211 721.18605 720.63783 720.08758 719.53543 718.98149 718.42587 717.86867 717.31002 716.75 716.18872 715.62628 715.06277 714.49828 713.93291 713.36674 712.79985 712.23234 711.66427 711.09573 710.52679 709.95752 709.388 708.8183 708.24849 707.67862 707.10877 706.53899 705.96935 705.39991 704.83072 704.26183 703.69331 703.1252 702.55756 701.99043 701.42387 700.85791 700.29261 699.72801 699.16415
731.55886 731.07553 730.58704 730.09358 729.59536 729.09259 728.58544 728.07411 727.55877 727.03961 726.51678 725.99046 725.46081 724.92798 724.39212 723.85339 723.31192 722.76786 722.22134 721.67249 721.12144 720.56832 720.01325 719.45633 718.8977 718.33746 717.77571 717.21257 716.64813 716.0825 715.51576 714.94803 714.37938 713.8099 713.23969 712.66882 712.09737 711.52544 710.95308 710.38039 709.80742 709.23426 708.66097 708.08761 707.51426 706.94097 706.36781 705.79484 705.22211 704.64969 704.07761 703.50595 702.93475 702.36406 701.79394 701.22442 700.65555 700.08738 699.51995 698.95331
731.60885 731.1188 730.62369 730.12373 729.61911 729.11002 728.59666 728.07922 727.55786 727.03277 726.5041 725.97203 725.43672 724.89831 724.35696 723.81282 723.26603 722.71672 722.16503 721.61109 721.05502 720.49696 719.93702 719.37531 718.81195 718.24706 717.68073 717.11307 716.54418 715.97416 715.40311 714.83112 714.25828 713.68468 713.1104 712.53552 711.96013 711.3843 710.80812 710.23165 709.65497 709.07814 708.50124 707.92433 707.34748 706.77074 706.19419 705.61787 705.04184 704.46617 703.8909 703.31609 702.74179 702.16804 701.5949 701.02242 700.45063 699.87959 699.30933 698.7399
731.65796 731.16113 730.65935 730.15281 729.64172 729.12627 728.60665 728.08303 727.5556 727.02452 726.48997 725.9521 725.41107 724.86704 724.32016 723.77056 723.2184 722.6638 722.1069 721.54783 720.98671 720.42367 719.85883 719.29229 718.72418 718.1546 717.58365 717.01145 716.43809 715.86366 715.28827 714.712 714.13494 713.55719 712.97881 712.39991 711.82055 711.24082 710.66079 710.08052 709.50011 708.9196 708.33908 707.7586 707.17823 706.59803 706.01807 705.43839 704.85905 704.28012 703.70164 703.12367 702.54626 701.96945 701.39329 700.81783 700.24312 699.66919 699.09609 698.52387
731.70611 731.20243 730.69391 730.18074 729.66312 729.14124 728.61529 728.08545 727.55189 727.01478 726.47429 725.93057 725.38379 724.83409 724.28162 723.72653 723.16895 722.60903 722.04688 721.48264 720.91644 720.34838 719.7786 719.20721 718.63431 718.06001 717.48443 716.90765 716.32978 715.75092 715.17116 714.59059 714.00929 713.42737 712.84488 712.26193 711.67859 711.09493 710.51102 709.92695 709.34278 708.75859 708.17442 707.59036 707.00646 706.42279 705.8394 705.25635 704.6737 704.0915 703.5098 702.92866 702.34812 701.76824 701.18905 700.61061 700.03296 699.45615 698.88021 698.30518
731.75319 731.2426 730.72727 730.20741 729.68321 729.15485 728.62252 728.0864 727.54666 727.00346 726.45698 725.90737 725.35478 724.79937 724.24128 723.68065 723.11763 722.55233 721.9849 721.41546 720.84413 720.27103 719.69628 719.11999 718.54228 717.96324 717.38298 716.8016 716.21921 715.63589 715.05173 714.46683 713.88128 713.29516 712.70854 712.12152 711.53417 710.94657 710.35878 709.77088 709.18295 708.59504 708.00722 707.41956 706.83212 706.24496 705.65814 705.0717 704.48572 703.90024 703.31532 702.731 702.14733 701.56436 700.98215 700.40072 699.82013 699.24042 698.66163 698.0838
731.79911 731.28154 730.75935 730.23273 729.70188 729.16699 728.62823 728.08577 727.5398 726.99048 726.43796 725.88241 725.32398 724.76281 724.19906 723.63285 723.06433 722.49363 721.92088 721.3462 720.76971 720.19154 719.61179 719.03058 718.44802 717.86421 717.27925 716.69325 716.1063 715.51849 714.92992 714.34067 713.75084 713.1605 712.56974 711.97863 711.38725 710.79569 710.204 709.61226 709.02054 708.42891 707.83743 707.24616 706.65516 706.0645 705.47423 704.88441 704.29508 703.70632 703.11815 702.53065 701.94384 701.35779 700.77253 700.18811 699.60458 699.02197 698.44032 697.85968
731.84374 731.31914 730.79003 730.25661 729.71906 729.17757 728.63233 728.08349 727.53124 726.97574 726.41714 725.85561 725.29128 724.72432 724.15486 723.58304 723.00899 722.43285 721.85474 721.27479 720.69311 720.10983 719.52505 718.93889 718.35145 717.76284 717.17316 716.58251 715.99098 715.39867 714.80566 714.21204 713.61791 713.02333 712.4284 711.83319 711.23777 710.64222 710.04662 709.45103 708.85551 708.26014 707.66498 707.07009 706.47553 705.88135 705.28763 704.6944 704.10173 703.50967 702.91826 702.32756 701.73761 701.14846 700.56015 699.97274 699.38625 698.80074 698.21623 697.63278
731.887 731.35531 730.81922 730.27893 729.73463 729.1865 728.63472 728.07946 727.52089 726.95916 726.39444 725.82687 725.25662 724.68382 724.10861 723.53114 722.95153 722.36991 721.78641 721.20115 720.61426 720.02583 719.436 718.84486 718.25252 717.65909 717.06466 716.46933 715.8732 715.27635 714.67889 714.08088 713.48242 712.8836 712.28448 711.68514 711.08567 710.48613 709.88659 709.28713 708.6878 708.08868 707.48983 706.8913 706.29316 705.69547 705.09828 704.50164 703.90561 703.31025 702.71558 702.12168 701.52858 700.93633 700.34498 699.75456 699.16511 698.57669 697.98932 697.40305
731.92878 731.38993 730.84681 730.29961 729.74851 729.19369 728.63532 728.07359 727.50864 726.94064 726.36975 725.79612 725.2199 724.64122 724.06023 723.47707 722.89186 722.30473 721.71581 721.12522 720.53307 719.93948 719.34456 718.74841 718.15115 717.55286 716.95366 716.35363 715.75288 715.15148 714.54954 713.94712 713.34433 712.74123 712.1379 711.53443 710.93088 710.32733 709.72385 709.1205 708.51736 707.91448 707.31192 706.70975 706.10802 705.5068 704.90613 704.30608 703.70668 703.108 702.51008 701.91297 701.31672 700.72136 700.12695 699.53352 698.94112 698.34978 697.75955 697.17046
731.96896 731.42291 730.87271 730.31854 729.76059 729.19903 728.63403 728.06577 727.49441 726.9201 726.343 725.76327 725.18103 724.59644 724.00964 723.42075 722.82991 722.23724 721.64287 721.04691 720.44948 719.85069 719.25065 718.64948 718.04726 717.4441 716.8401 716.23536 715.62996 715.02399 714.41755 713.8107 713.20355 712.59616 711.98862 711.38099 710.77336 710.16579 709.55835 708.9511 708.34412 707.73747 707.1312 706.52537 705.92005 705.31529 704.71114 704.10766 703.50489 702.90289 702.30171 701.70138 701.10197 700.5035 699.90603 699.30959 698.71422 698.11997 697.52687 696.93496
732.00745 731.45415 730.89681 730.33562 729.77076 729.20242 728.63075 728.05592 727.4781 726.89745 726.3141 725.72822 725.13993 724.5494 723.95674 723.3621 722.76559 722.16735 721.56749 720.96614 720.3634 719.75939 719.15422 718.54798 717.94079 717.33273 716.72392 716.11443 715.50437 714.89381 714.28285 713.67156 713.06003 712.44834 711.83656 711.22477 710.61303 710.00143 709.39002 708.77886 708.16804 707.5576 706.94761 706.33812 705.72919 705.12088 704.51325 703.90633 703.30018 702.69486 702.09041 701.48686 700.88428 700.2827 699.68216 699.08271 698.48438 697.88721 697.29124 696.6965
732.04414 731.48352 730.919 730.35075 729.77895 729.20377 728.62538 728.04395 727.45963 726.87258 726.28295 725.69088 725.09652 724.5 723.90146 723.30102 722.69882 722.09498 721.48961 720.88283 720.27476 719.6655 719.05516 718.44385 717.83166 717.21869 716.60503 715.99079 715.37604 714.76087 714.14538 713.52963 712.91371 712.2977 711.68167 711.0657 710.44985 709.83419 709.2188 708.60373 707.98905 707.37482 706.76109 706.14793 705.5354 704.92353 704.3124 703.70204 703.09251 702.48386 701.87613 701.26937 700.66361 700.05892 699.45531 698.85284 698.25154 697.65146 697.05261 696.45506
732.0789 731.51093 730.93918 730.36382 729.78503 729.20297 728.61783 728.02975 727.43889 726.84541 726.24946 725.65117 725.0507 724.44816 723.8437 723.23745 722.62952 722.02005 721.40914 720.79692 720.18348 719.56895 718.95343 718.33701 717.7198 717.10189 716.48338 715.86435 715.2449 714.62511 714.00506 713.38484 712.76452 712.14417 711.52388 710.90372 710.28374 709.66403 709.04464 708.42564 707.8071 707.18906 706.5716 705.95476 705.3386 704.72318 704.10854 703.49474 702.88183 702.26984 701.65883 701.04884 700.43992 699.8321 699.22542 698.61994 698.01567 697.41266 696.81095 696.21057
732.11165 731.53628 730.95724 730.37473 729.7889 729.19994 728.60799 728.01322 727.4158 726.81585 726.21354 725.609 725.00237 724.39379 723.78339 723.17129 722.55761 721.94247 721.326 720.7083 720.08949 719.46966 718.84893 718.22738 717.60513 716.98227 716.35888 715.73506 715.11089 714.48645 713.86184 713.23713 712.61239 711.9877 711.36313 710.73876 710.11465 709.49087 708.86748 708.24454 707.62212 707.00028 706.37907 705.75855 705.13876 704.51978 703.90163 703.28438 702.66807 702.05275 701.43846 700.82524 700.21314 699.6022 698.99245 698.38395 697.77671 697.17078 696.5662 695.96299
732.14225 731.55944 730.97309 730.38337 729.79047 729.19455 728.59577 727.99428 727.39024 726.7838 726.1751 725.56427 724.95147 724.33681 723.72043 723.10245 722.48299 721.86217 721.24011 720.61692 719.99269 719.36755 718.74158 718.1149 717.48759 716.85975 716.23147 715.60283 714.97393 714.34484 713.71564 713.08643 712.45726 711.82821 711.19936 710.57077 709.94251 709.31465 708.68725 708.06037 707.43407 706.80841 706.18345 705.55923 704.93582 704.31326 703.69161 703.0709 702.4512 701.83253 701.21496 700.59851 699.98324 699.36917 698.75636 698.14483 697.53462 696.92578 696.31832 695.71229
732.17061 731.58031 730.9866 730.38965 729.78964 729.18672 728.58106 727.97282 727.36213 726.74916 726.13403 725.51689 724.89788 724.27712 723.65473 723.03085 722.40559 721.77906 721.15139 720.52267 719.89302 719.26254 718.63132 717.99948 717.36709 716.73426 716.10106 715.4676 714.83395 714.20019 713.5664 712.93267 712.29906 711.66564 711.03249 710.39968 709.76727 709.13532 708.5039 707.87307 707.24288 706.6134 705.98468 705.35677 704.72972 704.10359 703.47841 702.85425 702.23115 701.60914 700.98828 700.36861 699.75015 699.13297 698.51708 697.90253 697.28936 696.67759 696.06727 695.45842
732.19662 731.59878 730.99767 730.39345 729.78628 729.17634 728.56377 727.94874 727.33137 726.71184 726.09026 725.46677 724.84152 724.21463 723.58621 722.9564 722.32531 721.69306 721.05975 720.42549 719.79039 719.15455 718.51807 717.88104 717.24356 716.60572 715.9676 715.3293 714.69088 714.05244 713.41405 712.77578 712.13772 711.49993 710.86247 710.22542 709.58885 708.95281 708.31736 707.68257 707.04849 706.41519 705.7827 705.15109 704.5204 703.89069 703.262 702.63438 702.00788 701.38253 700.75838 700.13547 699.51384 698.89353 698.27458 697.65701 697.04087 696.42619 695.813 695.20133
732.22014 731.61474 731.00619 730.39466 729.78031 729.1633 728.54379 727.92193 727.29787 726.67173 726.04367 725.41382 724.7823 724.14925 723.51478 722.87902 722.24208 721.60407 720.9651 720.32529 719.68472 719.04351 718.40174 717.75952 717.11693 716.47406 715.83101 715.18784 714.54465 713.90152 713.25851 712.61571 711.97318 711.331 710.68923 710.04794 709.4072 708.76706 708.12758 707.48883 706.85085 706.21371 705.57746 704.94214 704.30781 703.67452 703.04232 702.41124 701.78133 701.15264 700.5252 699.89906 699.27426 698.65083 698.0288 697.40822 696.78911 696.17152 695.55546 694.94098
732.24109 731.62808 731.01205 730.39318 729.77161 729.14751 728.52103 727.89231 727.26151 726.62875 725.99418 725.35793 724.72013 724.08089 723.44035 722.79861 722.1558 721.51202 720.86738 720.22198 719.57593 718.92932 718.28226 717.63482 716.98711 716.33921 715.6912 715.04317 714.39519 713.74735 713.09972 712.45237 711.80537 711.1588 710.51271 709.86717 709.22225 708.578 707.93449 707.29177 706.64989 706.00892 705.36889 704.72987 704.0919 703.45503 702.8193 702.18476 701.55145 700.91942 700.2887 699.65933 699.03135 698.40479 697.7797 697.15611 696.53404 695.91353 695.29462 694.67732
732.25933 731.63868 731.01515 730.38889 729.76008 729.12885 728.49536 727.85977 727.2222 726.5828 725.94169 725.29902 724.6549 724.00946 723.36282 722.71509 722.06638 721.41681 720.76648 720.11549 719.46393 718.81192 718.15954 717.50688 716.85403 716.20108 715.54811 714.8952 714.24243 713.58987 712.93761 712.2857 711.63423 710.98325 710.33283 709.68304 709.03394 708.38558 707.73803 707.09133 706.44555 705.80074 705.15695 704.51422 703.8726 703.23215 702.5929 701.9549 701.31819 700.68282 700.04881 699.41621 698.78506 698.15539 697.52723 696.90062 696.2756 695.65219 695.03041 694.41031
732.27476 731.64644 731.01536 730.3817 729.7456 729.10722 728.46671 727.8242 727.17984 726.53376 725.8861 725.23699 724.58653 723.93487 723.28211 722.62837 721.97375 721.31837 720.66232 720.00572 719.34865 718.69122 718.03351 717.37561 716.71762 716.05961 715.40166 714.74386 714.08629 713.42901 712.7721 712.11563 711.45967 710.80429 710.14954 709.49549 708.8422 708.18973 707.53813 706.88746 706.23778 705.58913 704.94156 704.29512 703.64986 703.00583 702.36306 701.7216 701.0815 700.44278 699.80549 699.16967 698.53534 697.90256 697.27134 696.64173 696.01375 695.38743 694.76281 694.13991
732.28726 731.65123 731.01259 730.37149 729.72808 729.08252 728.43494 727.7855 727.13433 726.48156 725.82732 725.17173 724.51493 723.85702 723.19812 722.53835 721.8778 721.2166 720.55483 719.8926 719.23 718.56713 717.90408 717.24094 716.57779 715.91471 715.25178 714.58908 713.9267 713.26469 712.60313 711.94209 711.28164 710.62184 709.96276 709.30445 708.64697 707.99038 707.33474 706.6801 706.02651 705.37402 704.72267 704.07253 703.42363 702.77601 702.12973 701.48481 700.84131 700.19925 699.55868 698.91964 698.28215 697.64625 697.01198 696.37937 695.74844 695.11922 694.49175 693.86605
732.29671 731.65295 731.00671 730.35814 729.7074 729.05463 728.39998 727.74358 727.08557 726.42608 725.76524 725.10317 724.43999 723.77582 723.11076 722.44494 721.77846 721.11141 720.4439 719.77604 719.1079 718.43959 717.77118 717.10278 716.43446 715.7663 715.09838 714.43078 713.76358 713.09683 712.43062 711.76501 711.10007 710.43585 709.77243 709.10985 708.44818 707.78748 707.12779 706.46917 705.81167 705.15534 704.50023 703.84638 703.19384 702.54264 701.89284 701.24447 700.59758 699.95219 699.30834 698.66608 698.02543 697.38643 696.7491 696.11349 695.47962 694.84751 694.2172 693.58871
732.303 731.65148 730.99761 730.34155 729.68345 729.02345 728.3617 727.69832 727.03345 726.36723 725.69976 725.03119 724.36162 723.69117 723.01995 722.34806 721.67562 721.00272 720.32947 719.65595 718.98226 718.30849 717.63473 716.96105 716.28756 715.61431 714.9414 714.26889 713.59686 712.92538 712.25451 711.58432 710.91488 710.24624 709.57848 708.91164 708.24578 707.58095 706.91722 706.25463 705.59322 704.93305 704.27417 703.61662 702.96043 702.30566 701.65235 701.00053 700.35024 699.70152 699.05441 698.40893 697.76513 697.12302 696.48266 695.84405 695.20724 694.57225 693.93911 693.30784
