Progetto/32 Decenni/raster/91-00.asc
NCOLS 600
NROWS 600
XLLCORNER -124.215
YLLCORNER 32.5722
DX 0.01674
DY 0.01565
NODATA_VALUE -9999
[rows 78 to 103 of 600, columns 60 to 119 of 600]
962.34866 965.59307 972.01319 980.2752 988.95062 996.92032 1003.514 1008.4443 1011.6708 1013.284 1013.4412 1012.3531 1010.3109 1007.7365 1005.2136 1003.4092 1002.7502 1002.81 1001.7309 996.44233 984.1616 964.54421 941.02076 920.11096 908.70288 910.98508 927.24083 954.93679 990.63535 1031.3299 1074.899 1120.0152 1165.8669 1211.8843 1257.5335 1302.1957 1345.1472 1385.6648 1423.2893 1458.2415 1491.9032 1527.1107 1567.8114 1617.4879 1676.0202 1736.0564 1782.5595 1799.3362 1779.2367 1728.0137 1658.7193 1583.9717 1512.1826 1447.5433 1391.3917 1343.5166 1303.0155 1268.7722 1239.6905 1214.7952
966.04222 969.05934 975.04599 982.7792 990.93922 998.47263 1004.7279 1009.4068 1012.4462 1013.9134 1013.9467 1012.7427 1010.5844 1007.892 1005.2574 1003.369 1002.6891 1002.8295 1001.9545 996.98681 985.11544 965.95034 942.84471 922.22343 910.94084 913.28063 929.71407 957.88944 994.48446 1036.5461 1081.9744 1129.4514 1178.1642 1227.5118 1276.8664 1325.4069 1372.0507 1415.5358 1454.7233 1489.1738 1519.9316 1550.2041 1585.2819 1630.7648 1688.4573 1751.1933 1801.5898 1820.1407 1798.1889 1742.4585 1667.8384 1588.2576 1512.6771 1445.3562 1387.4899 1338.66 1297.7591 1263.4938 1234.6273 1210.0803
972.46805 975.07778 980.30122 987.09494 994.32297 1001.0537 1006.6836 1010.9111 1013.6469 1014.9279 1014.8663 1013.6381 1011.507 1008.8679 1006.2701 1004.34 1003.485 1003.3576 1002.3777 997.95074 987.7381 971.41877 951.77578 934.21464 924.70379 927.30365 942.93794 969.9715 1005.68 1047.4642 1093.3856 1142.1843 1193.0593 1245.3896 1298.4691 1351.2813 1402.3483 1449.7298 1491.3039 1525.4768 1552.342 1574.9335 1599.6209 1634.2339 1683.0043 1740.0794 1787.7945 1805.5804 1783.8477 1728.676 1654.5572 1575.314 1500.0114 1433.0635 1375.763 1327.7074 1287.7443 1254.507 1226.6852 1203.1414
980.61367 982.70372 986.98818 992.62575 998.6926 1004.4071 1009.2352 1012.8848 1015.2453 1016.324 1016.2059 1015.0432 1013.0727 1010.6451 1008.2326 1006.3473 1005.2965 1004.7861 1003.6177 999.9046 991.99807 979.71793 965.12762 952.26701 945.79602 949.23595 963.89408 989.01749 1022.7458 1063.0727 1108.3842 1157.5767 1209.9267 1264.8553 1321.6527 1379.1916 1435.66 1488.4031 1534.0723 1569.3741 1592.6418 1605.9198 1616.1896 1633.5248 1665.0099 1707.2612 1744.7116 1758.3229 1738.1881 1688.039 1619.7319 1545.5933 1474.3541 1410.6564 1356.1105 1310.5282 1272.8481 1241.7148 1215.7972 1193.9369
989.48734 991.0128 994.32225 998.76392 1003.617 1008.2521 1012.2156 1015.2378 1017.1976 1018.0791 1017.9427 1016.9161 1015.2038 1013.1024 1010.9924 1009.2625 1008.1256 1007.3613 1006.1576 1003.2978 997.77129 989.55174 980.10063 972.24311 969.36284 974.27603 988.41429 1011.7335 1043.2228 1081.5641 1125.5945 1174.482 1227.6817 1284.7582 1345.1231 1407.6968 1470.5106 1530.3216 1582.479 1621.5245 1643.1217 1647.2836 1641.0161 1636.7511 1644.9532 1665.6057 1686.7431 1692.381 1672.8365 1628.9137 1568.7673 1502.3307 1437.5324 1379.1148 1329.035 1287.3769 1253.21 1225.2106 1202.0409 1182.5381
998.34195 999.31054 1001.7038 1005.0294 1008.7401 1012.344 1015.4691 1017.8774 1019.4483 1020.1517 1020.0281 1019.1814 1017.7817 1016.0692 1014.3375 1012.8702 1011.8158 1011.0363 1010.0395 1008.1228 1004.7522 1000.0285 994.99482 991.58495 992.16962 998.88169 1013.0604 1035.0853 1064.6025 1100.9245 1143.3747 1191.4674 1244.9219 1303.5442 1366.9925 1434.4151 1503.9318 1571.9868 1632.7938 1678.5338 1701.451 1698.4785 1676.0249 1649.038 1631.8225 1628.0916 1629.7222 1623.992 1601.9049 1561.9674 1508.9149 1450.0976 1392.2798 1340.0185 1295.4428 1258.7949 1229.1871 1205.2617 1185.6352 1169.1302
1006.723 1007.176 1008.7604 1011.1097 1013.8151 1016.5001 1018.8675 1020.7161 1021.9342 1022.4854 1022.3957 1021.7471 1020.6766 1019.3728 1018.0572 1016.9365 1016.1237 1015.5567 1014.9772 1014.0329 1012.5058 1010.5823 1009.0347 1009.1999 1012.7293 1021.1985 1035.7568 1056.9744 1084.9243 1119.4046 1160.1697 1207.0824 1260.1541 1319.473 1385.0065 1456.2383 1531.5667 1607.4169 1677.221 1731.0419 1757.598 1750.2894 1714.4815 1667.3633 1626.7957 1599.8656 1581.8132 1562.7971 1534.8496 1495.2341 1446.2596 1393.1096 1341.3338 1295.0805 1256.4105 1225.5009 1201.3102 1182.2963 1166.9405 1154.0157
1014.4139 1014.4091 1015.3071 1016.8366 1018.6951 1020.598 1022.3133 1023.6759 1024.5886 1025.0146 1024.9698 1024.5178 1023.7665 1022.8615 1021.9699 1021.2468 1020.789 1020.5948 1020.5633 1020.5634 1020.5694 1020.8151 1021.8974 1024.7675 1030.5927 1040.5362 1055.5452 1076.2389 1102.9289 1135.7375 1174.743 1220.0931 1272.0494 1330.9415 1397.0011 1470.0097 1548.6543 1629.4766 1705.5047 1765.4043 1795.3786 1786.169 1742.0575 1681.1773 1623.2739 1577.7404 1542.5844 1510.5095 1474.8308 1432.4788 1384.4002 1334.3351 1286.9106 1245.8725 1213.0629 1188.353 1170.2851 1156.919 1146.473 1137.6232
1021.3538 1020.9534 1021.2826 1022.141 1023.3054 1024.5626 1025.7342 1026.6888 1027.3453 1027.6703 1027.6733 1027.4035 1026.945 1026.4102 1025.9274 1025.6188 1025.5752 1025.8373 1026.403 1027.2729 1028.5292 1030.4237 1033.4352 1038.2651 1045.7616 1056.7957 1072.1378 1092.3833 1117.9534 1149.1554 1186.2715 1229.6351 1279.6637 1336.8202 1401.4604 1473.491 1551.714 1632.7289 1709.4739 1770.2945 1800.8788 1791.3617 1745.1718 1679.2095 1612.4569 1555.1336 1507.4617 1464.515 1421.0921 1374.4226 1324.9283 1275.6446 1230.7718 1193.9014 1166.6679 1148.4466 1137.0767 1129.9696 1124.9381 1120.5208
1027.5683 1026.8316 1026.6957 1027.0122 1027.6166 1028.3504 1029.0779 1029.6968 1030.1421 1030.3853 1030.4331 1030.3234 1030.1222 1029.9179 1029.8117 1029.9051 1030.2863 1031.0231 1032.1713 1033.8038 1036.0576 1039.1822 1043.5721 1049.7633 1058.3916 1070.1231 1085.5835 1105.3124 1129.7583 1159.3091 1194.3434 1235.2747 1282.5651 1336.6776 1397.9219 1466.1177 1539.9656 1616.0303 1687.4839 1743.5003 1771.3048 1762.3794 1719.4538 1656.3141 1588.9251 1526.9198 1472.082 1421.6148 1371.8737 1320.7503 1268.6881 1218.5974 1174.7697 1141.0321 1118.9753 1107.3688 1103.0784 1102.6192 1103.2738 1103.4265
1033.1229 1032.1022 1031.5876 1031.4689 1031.625 1031.938 1032.3063 1032.6514 1032.923 1033.0985 1033.1832 1033.2075 1033.2241 1033.304 1033.5302 1033.9905 1034.7708 1035.9538 1037.6255 1039.895 1042.9207 1046.9383 1052.2776 1059.3606 1068.6776 1080.7486 1096.0827 1115.1507 1138.3791 1166.1646 1198.8985 1236.9862 1280.8384 1330.8076 1387.0272 1449.0897 1515.4874 1582.7887 1644.7663 1692.2672 1715.206 1707.2563 1670.4772 1614.8983 1552.5452 1491.5152 1434.3809 1380.0123 1326.1823 1271.5644 1216.8972 1165.3074 1121.5567 1090.0875 1072.6934 1067.5304 1070.3026 1076.4516 1082.6637 1087.1901
1038.0957 1036.8351 1036.0113 1035.5423 1035.3388 1035.3138 1035.3914 1035.5129 1035.64 1035.7564 1035.867 1035.9972 1036.1904 1036.5053 1037.0122 1037.789 1038.9186 1040.4891 1042.6001 1045.3737 1048.9712 1053.6074 1059.5603 1067.1692 1076.8203 1088.9255 1103.8986 1122.1381 1144.021 1169.9067 1200.1444 1235.0708 1274.9841 1320.0659 1370.2218 1424.7932 1482.1078 1538.9006 1589.8438 1627.7759 1645.3973 1638.4244 1608.288 1561.7011 1507.0192 1450.4605 1394.6987 1339.6796 1284.2827 1227.8955 1171.6092 1118.8555 1074.9781 1045.2158 1031.7763 1032.3235 1041.4135 1053.4159 1064.4608 1072.7177
1042.5636 1041.0985 1040.0197 1039.2663 1038.7721 1038.4732 1038.3135 1038.2496 1038.2536 1038.3144 1038.4375 1038.6451 1038.9738 1039.4737 1040.2057 1041.2401 1042.6551 1044.5387 1046.9926 1050.1394 1054.1323 1059.1625 1065.4645 1073.314 1083.0196 1094.9098 1109.3181 1126.5723 1146.9866 1170.8588 1198.4647 1230.0434 1265.7568 1305.6082 1349.2948 1395.9732 1443.9344 1490.2551 1530.6295 1559.7548 1572.6137 1566.4247 1542.1009 1503.8991 1457.3249 1406.8487 1354.8249 1301.7546 1247.2739 1191.3293 1135.2965 1082.7939 1039.5338 1011.3647 1000.9327 1005.6688 1019.3304 1035.5103 1049.9569 1060.8177
1046.5957 1044.9538 1043.6615 1042.6733 1041.9404 1041.4159 1041.0588 1040.8375 1040.7325 1040.737 1040.8576 1041.1141 1041.5386 1042.1744 1043.0754 1044.3048 1045.9357 1048.0516 1050.7501 1054.147 1058.3818 1063.6215 1070.0631 1077.9316 1087.4745 1098.9531 1112.6332 1128.7755 1147.6279 1169.4172 1194.3362 1222.5205 1254.003 1288.6371 1325.9726 1365.0809 1404.3462 1441.2897 1472.5767 1494.4096 1503.4164 1497.7999 1478.0946 1446.9177 1407.7901 1363.7958 1316.8274 1267.6053 1216.2442 1163.0988 1109.7233 1059.6968 1018.6377 992.44244 983.94477 990.67359 1006.2756 1024.167 1040.0141 1051.99
1050.2519 1048.4539 1046.9788 1045.7926 1044.8593 1044.1445 1043.6187 1043.2594 1043.0534 1042.9975 1043.0994 1043.3772 1043.8593 1044.5842 1045.5995 1046.9623 1048.7391 1051.0072 1053.8563 1057.3918 1061.737 1067.0353 1073.4509 1081.167 1090.3813 1101.3001 1114.1304 1129.0726 1146.3108 1166.0022 1188.2602 1213.1279 1240.5341 1270.2269 1301.6784 1333.9657 1365.6514 1394.7189 1418.6564 1434.7858 1440.8464 1435.6562 1419.5004 1393.9669 1361.2846 1323.5478 1282.2203 1238.0786 1191.538 1143.2448 1094.8297 1049.6002 1012.5746 989.00631 981.49639 987.94074 1002.6524 1019.595 1034.7106 1046.2447
1053.583 1051.6438 1050.0081 1048.6502 1047.5437 1046.6637 1045.9889 1045.5037 1045.1998 1045.077 1045.1434 1045.4159 1045.9202 1046.6902 1047.7685 1049.206 1051.0624 1053.4074 1056.3214 1059.8973 1064.2419 1069.4765 1075.7365 1083.1697 1091.9324 1102.1847 1114.0839 1127.777 1143.3913 1161.022 1180.7147 1202.439 1226.0506 1251.2378 1277.4541 1303.8439 1329.1843 1351.8805 1370.0695 1381.8684 1385.7475 1380.9094 1367.4903 1346.4565 1319.2323 1287.2527 1251.6521 1213.2032 1172.5095 1130.4077 1088.5055 1049.6628 1017.9557 997.51938 990.3831 994.91942 1006.622 1020.5504 1033.2335 1043.0585
1056.6313 1054.5612 1052.7801 1051.2689 1050.0082 1048.9797 1048.1685 1047.5642 1047.1619 1046.9635 1046.9776 1047.2198 1047.7133 1048.4883 1049.5824 1051.0407 1052.9162 1055.2702 1058.1733 1061.7056 1065.958 1071.0312 1077.0355 1084.0885 1092.312 1101.8272 1112.7493 1125.1802 1139.1989 1154.8496 1172.1246 1190.9416 1211.1119 1232.3016 1253.9867 1275.4113 1295.5665 1313.2133 1326.9787 1335.5335 1337.8282 1333.3125 1322.0433 1304.6223 1281.9857 1255.1476 1225.0111 1192.3222 1157.7869 1122.3298 1087.4377 1055.4314 1029.3522 1012.1166 1005.0851 1007.0752 1014.8595 1024.7835 1034.1311 1041.5154
1059.4325 1057.2378 1055.3214 1053.6691 1052.2663 1051.1 1050.1597 1049.4388 1048.9349 1048.6512 1048.5964 1048.785 1049.2378 1049.9814 1051.049 1052.4801 1054.3209 1056.6245 1059.4517 1062.8703 1066.9561 1071.7916 1077.465 1084.0683 1091.694 1100.4313 1110.3603 1121.5456 1134.0276 1147.8107 1162.849 1179.0272 1196.1362 1213.8466 1231.6805 1248.9917 1264.9647 1278.6467 1289.0264 1295.1586 1296.3131 1292.1051 1282.5563 1268.0583 1249.2549 1226.8949 1201.7198 1174.433 1145.7676 1116.6399 1088.3391 1062.6428 1041.6671 1027.2938 1020.3194 1019.913 1023.9282 1029.8722 1035.7848 1040.5639
1062.0164 1059.7004 1057.6548 1055.8687 1054.3313 1053.0332 1051.9672 1051.1291 1050.5185 1050.1392 1049.9997 1050.1132 1050.4983 1051.1784 1052.1823 1053.5441 1055.3037 1057.5064 1060.2034 1063.4512 1067.3118 1071.8514 1077.1394 1083.2459 1090.2392 1098.1818 1107.1254 1117.1052 1128.1312 1140.1794 1153.1784 1166.9954 1181.4186 1196.139 1210.7359 1224.6689 1237.2871 1247.8611 1255.6444 1259.9589 1260.2911 1256.3713 1248.2103 1236.0802 1220.448 1201.8913 1181.0319 1158.5137 1135.0372 1111.4372 1088.7699 1068.3328 1051.5229 1039.4757 1032.6018 1030.328 1031.2947 1033.9011 1036.8265 1039.2621
1064.4084 1061.9722 1059.8003 1057.8844 1056.2162 1054.7889 1053.5976 1052.6397 1051.916 1051.4307 1051.1916 1051.2107 1051.5043 1052.0926 1053.0006 1054.2573 1055.8965 1057.9561 1060.4786 1063.5102 1067.1007 1071.302 1076.1673 1081.7484 1088.0935 1095.2436 1103.2279 1112.0585 1121.7235 1132.1791 1143.3394 1155.0657 1167.1542 1179.3256 1191.2176 1202.385 1212.312 1220.4409 1226.2179 1229.1529 1228.8816 1225.2163 1218.1691 1207.9429 1194.8939 1179.4831 1162.2355 1143.7223 1124.5718 1105.4993 1087.3318 1070.9851 1057.3503 1047.0821 1040.3657 1036.8125 1035.5878 1035.7086 1036.3345 1036.9141
1066.6301 1064.073 1061.7757 1059.7312 1057.9335 1056.3772 1055.059 1053.9774 1053.1338 1052.5322 1052.1798 1052.0872 1052.2684 1052.7409 1053.5256 1054.6471 1056.1333 1058.0157 1060.3287 1063.1094 1066.3966 1070.2302 1074.6495 1079.6913 1085.3874 1091.7615 1098.8253 1106.5739 1114.98 1123.9874 1133.5035 1143.3914 1153.4624 1163.4697 1173.1059 1182.0076 1189.7672 1195.9575 1200.1654 1202.0338 1201.303 1197.8438 1191.6737 1182.9532 1171.9648 1159.0839 1144.7525 1129.4625 1113.7525 1098.2096 1083.4633 1070.1489 1058.8279 1049.8706 1043.3492 1039.0079 1036.3476 1034.7871 1033.8184 1033.0903
1068.7001 1066.0204 1063.5967 1061.4234 1059.4955 1057.8088 1056.3609 1055.1509 1054.1802 1053.4527 1052.9747 1052.7552 1052.8062 1053.1422 1053.7808 1054.7422 1056.0494 1057.7276 1059.8043 1062.3082 1065.2691 1068.7165 1072.678 1077.1782 1082.2355 1087.8604 1094.0513 1100.791 1108.0421 1115.7416 1123.7958 1132.0749 1140.4077 1148.5796 1156.3328 1163.3712 1169.3732 1174.0099 1176.9711 1177.9942 1176.893 1173.5799 1168.0775 1160.5175 1151.1292 1140.221 1128.1617 1115.3654 1102.2798 1089.3751 1077.1252 1065.9732 1056.2788 1048.2576 1041.9374 1037.161 1033.6415 1031.0503 1029.097 1027.5721
1070.6348 1067.8298 1065.2779 1062.9742 1060.9143 1059.0948 1057.5135 1056.1701 1055.0656 1054.2033 1053.5886 1053.2291 1053.1345 1053.317 1053.7909 1054.5724 1055.6799 1057.1333 1058.9538 1061.1631 1063.7831 1066.8345 1070.3354 1074.3004 1078.7376 1083.6471 1089.0177 1094.8236 1101.0215 1107.5457 1114.3051 1121.1792 1128.0158 1134.6298 1140.8058 1146.3031 1150.8667 1154.2418 1156.1933 1156.5261 1155.1054 1151.8721 1146.8513 1140.1529 1131.9645 1122.5393 1112.1822 1101.2358 1090.0661 1079.0469 1068.5385 1058.8599 1050.2563 1042.8691 1036.7223 1031.7346 1027.7564 1024.6166 1022.1615 1020.2736
1072.4484 1069.5151 1066.8325 1064.3961 1062.2017 1060.2463 1058.5279 1057.0459 1055.801 1054.796 1054.0351 1053.5243 1053.2717 1053.2868 1053.5809 1054.1669 1055.0591 1056.2725 1057.823 1059.7263 1061.9976 1064.6502 1067.6948 1071.1377 1074.9791 1079.2113 1083.8163 1088.763 1094.0048 1099.4763 1105.0911 1110.7394 1116.2869 1121.5749 1126.4235 1130.6366 1134.0105 1136.3462 1137.4627 1137.2131 1135.4979 1132.2766 1127.5737 1121.4802 1114.1487 1105.7858 1096.641 1086.9947 1077.1447 1067.3903 1058.0143 1049.262 1041.3216 1034.3104 1028.2725 1023.1912 1019.0105 1015.6594 1013.0673 1011.1703
1074.1538 1071.0889 1068.2728 1065.7009 1063.3693 1061.2748 1059.4153 1057.7898 1056.3988 1055.244 1054.3287 1053.6574 1053.2363 1053.0728 1053.1755 1053.5543 1054.2196 1055.1826 1056.4544 1058.0456 1059.9658 1062.2226 1064.8201 1067.7586 1071.0322 1074.6275 1078.5219 1082.6813 1087.0578 1091.5882 1096.1921 1100.7702 1105.2047 1109.3597 1113.0847 1116.2186 1118.5973 1120.063 1120.4743 1119.7175 1117.7168 1114.4426 1109.9156 1104.2089 1097.4446 1089.7886 1081.4426 1072.6345 1063.6072 1054.6057 1045.8634 1037.5877 1029.9488 1023.0724 1017.0402 1011.8968 1007.6587 1004.3219 1001.8648 1000.2474
1075.7622 1072.5625 1069.6101 1066.9001 1064.4284 1062.1915 1060.1872 1058.4139 1056.8715 1055.5609 1054.4843 1053.6448 1053.047 1052.6963 1052.5989 1052.7618 1053.1924 1053.8984 1054.8868 1056.1642 1057.7354 1059.6031 1061.7669 1064.2218 1066.9577 1069.9572 1073.1947 1076.6345 1080.2295 1083.9193 1087.6299 1091.2722 1094.7429 1097.9256 1100.6931 1102.9122 1104.4488 1105.1754 1104.9787 1103.7678 1101.482 1098.096 1093.6244 1088.122 1081.6831 1074.4375 1066.545 1058.189 1049.5686 1040.8902 1032.3584 1024.1686 1016.4997 1009.5105 1003.337 998.09061 993.85408 990.67523 988.55987 987.46824
