Progetto/32 Decenni/raster/91-00.asc
NCOLS 600
NROWS 600
XLLCORNER -124.215
YLLCORNER 32.5722
DX 0.01674
DY 0.01565
NODATA_VALUE -9999
[rows 546 to 571 of 600, columns 360 to 419 of 600]
417.01129 415.83543 414.62937 413.39445 412.13291 410.84809 409.54468 408.2291 406.90969 405.59711 404.30446 403.04732 401.8435 400.71232 399.67334 398.74463 397.94061 397.27002 396.73468 396.32947 396.04389 395.86455 395.77734 395.76792 395.82014 395.91352 396.02177 396.11395 396.15785 396.12404 395.98897 395.73642 395.35755 394.85014 394.21758 393.46804 392.61396 391.67192 390.66285 389.61244 388.55147 387.51593 386.54656 385.68746 384.98366 384.47782 384.20634 384.19599 384.46178 385.00696 385.8252 386.90439 388.23134 389.79615 391.59579 393.6362 395.93287 398.5101 401.39931 404.63745
417.15183 416.014 414.85099 413.66461 412.45745 411.23316 409.99656 408.75391 407.51308 406.28371 405.07723 403.90678 402.78684 401.73263 400.75907 399.87955 399.10453 398.44028 397.88816 397.44464 397.10205 396.84982 396.67543 396.56459 396.50062 396.46349 396.42962 396.37284 396.26657 396.08626 395.81139 395.42665 394.9222 394.29344 393.54057 392.66826 391.68556 390.60621 389.44923 388.23983 387.0103 385.80068 384.6586 383.63781 382.795 382.18474 381.85331 381.83285 382.13759 382.76362 383.69254 384.89796 386.35307 388.03762 389.94297 392.07475 394.45287 397.10905 400.08293 403.41812
417.29714 416.19545 415.07299 413.93182 412.77476 411.60553 410.4289 409.25081 408.07846 406.92042 405.78655 404.68782 403.63599 402.64306 401.72049 400.8783 400.12415 399.46249 398.89413 398.41615 398.02228 397.70343 397.44818 397.24283 397.07126 396.91471 396.75199 396.56033 396.31686 396.00012 395.59145 395.07584 394.44228 393.68381 392.79739 391.78398 390.64877 389.40193 388.05974 386.64618 385.19473 383.75006 382.36871 381.11803 380.07211 379.30444 378.87783 378.83417 379.18742 379.92278 381.00283 382.37867 384.00233 385.8377 387.86782 390.09826 392.55624 395.28556 398.33872 401.76887
417.44512 416.37745 415.2928 414.19338 413.08208 411.96256 410.83939 409.71805 408.60507 407.50793 406.43504 405.39554 404.39893 403.45469 402.57165 401.75732 401.01726 400.35452 399.76927 399.25873 398.81726 398.43664 398.10624 397.81316 397.54221 397.27602 396.9954 396.68005 396.30949 395.86418 395.32639 394.68084 393.91502 393.01932 391.98715 390.81516 389.50384 388.0586 386.49154 384.82393 383.08935 381.33701 379.63437 378.06722 376.73533 375.74191 375.17725 375.10052 375.5264 376.42287 377.72189 379.33873 381.19278 383.22412 385.40392 387.73858 390.26781 393.05568 396.17597 399.69669
417.59389 416.55799 415.50832 414.44714 413.37731 412.30236 411.22653 410.15484 409.09306 408.04769 407.02585 406.03509 405.08309 404.17731 403.32451 402.53031 401.79865 401.13142 400.52818 399.986 399.49955 399.0611 398.66068 398.28614 397.92328 397.55602 397.16675 396.73686 396.24745 395.68003 395.0171 394.24255 393.34196 392.30268 391.11397 389.76738 388.25743 386.58307 384.74999 382.77417 380.6868 378.54023 376.41389 374.41754 372.68794 371.37475 370.61418 370.49628 371.03888 372.18212 373.80783 375.77432 377.95122 380.24403 382.60727 385.0495 387.63081 390.44905 393.61399 397.21798
417.74184 416.73538 415.71783 414.69143 413.65895 412.62369 411.58955 410.56104 409.54321 408.54166 407.56237 406.61153 405.69532 404.81957 403.98944 403.20902 402.48098 401.80625 401.1838 400.61051 400.0811 399.5882 399.12233 398.67206 398.22404 397.76325 397.27328 396.7367 396.13554 395.45174 394.66746 393.76535 392.72864 391.54113 390.1873 388.65254 386.92389 384.99158 382.85176 380.51112 377.99392 375.35162 372.6743 370.10043 367.8183 366.0494 365.00722 364.83797 365.56855 367.09333 369.2108 371.68873 374.32307 376.97152 379.56617 382.11819 384.71778 387.51742 390.68818 394.36337
417.8876 416.90821 415.91996 414.925 413.92594 412.92583 411.92821 410.93706 409.95678 408.99213 408.04809 407.12972 406.24193 405.38926 404.57554 403.80367 403.07528 402.3905 401.74777 401.14373 400.57312 400.02876 399.50162 398.98081 398.45372 397.90617 397.32261 396.68637 395.97998 395.18532 394.28387 393.25663 392.08414 390.7462 389.22183 387.48922 385.52623 383.3117 380.82829 378.06782 375.04031 371.78822 368.40596 365.06166 362.01104 359.58422 358.12483 357.88301 358.90892 361.02018 363.87423 367.0953 370.37518 373.5122 376.41071 379.08048 381.64842 384.35049 387.46211 391.18764
418.03004 417.0754 416.1137 415.14699 414.17766 413.20852 412.2427 411.2837 410.33531 409.40155 408.48652 407.5943 406.72878 405.8934 405.09094 404.32331 403.5913 402.89438 402.23054 401.59617 400.98597 400.39294 399.80836 399.22181 398.62126 397.99317 397.3226 396.59334 395.78806 394.88836 393.87471 392.72627 391.42061 389.93326 388.23723 386.3026 384.09648 381.58364 378.72885 375.50208 371.88897 367.9094 363.64746 359.29233 355.17859 351.79287 349.69528 349.33019 350.8044 353.80453 357.74417 362.02114 366.19161 369.99681 373.31475 376.13803 378.61816 381.10532 384.05181 387.78907
418.16824 417.2361 416.29833 415.35684 414.41382 413.47179 412.53352 411.60204 410.68057 409.77247 408.88109 408.00969 407.16127 406.33837 405.54292 404.77602 404.03776 403.32707 402.64155 401.97737 401.32919 400.69014 400.05174 399.40397 398.73524 398.03249 397.28121 396.46544 395.56784 394.5695 393.4498 392.18595 390.75254 389.1207 387.25725 385.12365 382.67514 379.8603 376.62198 372.90118 368.64702 363.83802 358.5224 352.88453 347.3319 342.5573 339.46709 338.8656 340.99276 345.30993 350.80284 356.51656 361.85595 366.54852 370.47154 373.56419 375.93557 378.05555 380.66933 384.34304
418.3015 417.38969 416.47336 415.55427 414.6344 413.71598 412.80143 411.89335 410.99444 410.10748 409.23517 408.38006 407.5444 406.73001 405.93808 405.16906 404.42249 403.69681 402.98932 402.29601 401.61151 400.92902 400.24031 399.53564 398.80381 398.03212 397.20635 396.31072 395.32775 394.23801 393.01979 391.6485 390.09586 388.32887 386.30838 383.98739 381.30913 378.20513 374.59395 370.38229 365.47188 359.77943 353.28296 346.11444 338.71333 332.00162 327.39535 326.33716 329.3637 335.5571 343.15817 350.68154 357.41564 363.20221 368.00242 371.64971 374.03203 375.64199 377.67736 381.1425
418.42931 417.53575 416.63853 415.73923 414.83961 413.94163 413.04737 412.15904 411.27888 410.40915 409.55199 408.70934 407.88282 407.07364 406.2824 405.50901 404.75252 404.01104 403.28157 402.55998 401.84088 401.11755 400.38195 399.62461 398.83464 397.99966 397.10569 396.13708 395.07622 393.90325 392.59554 391.12695 389.46682 387.57857 385.41789 382.9303 380.0482 376.6872 372.74234 368.08524 362.56553 356.02449 348.33889 339.52979 329.98663 320.81459 314.07108 312.21354 316.37049 325.03201 335.21966 344.71844 352.83489 359.76878 365.74473 370.46728 373.28784 374.39244 375.56649 378.58873
418.55129 417.67405 416.79376 415.91184 415.02983 414.14943 413.27241 412.40061 411.53588 410.68001 409.83464 409.00122 408.18084 407.37417 406.58133 405.8018 405.03424 404.27645 403.52527 402.77642 402.02452 401.26296 400.48387 399.67804 398.83486 397.94225 396.98648 395.95205 394.82134 393.57421 392.18743 390.63376 388.88082 386.88944 384.61148 381.98689 378.93982 375.37357 371.16447 366.15511 360.14963 352.91823 344.23053 333.9636 322.37372 310.62611 301.39217 298.41749 303.76547 315.14733 327.89572 338.97348 347.9531 355.69814 362.94204 369.33156 373.36289 374.35401 374.60175 376.99263
418.66725 417.80451 416.93913 416.07237 415.20558 414.34019 413.47769 412.61961 411.76741 410.9225 410.08609 409.25918 408.44242 407.63607 406.83983 406.05281 405.27338 404.49912 403.72668 402.95175 402.16896 401.37182 400.55264 399.70246 398.81099 397.86643 396.85537 395.76255 394.57049 393.25905 391.80477 390.17993 388.35129 386.27833 383.91093 381.18606 378.02353 374.32011 369.94209 364.71621 358.42085 350.78373 341.50491 330.35474 317.45846 303.93624 292.81476 288.86731 295.05192 308.34797 322.48211 333.82073 342.44046 350.05819 358.09972 366.29483 372.23403 374.03486 374.07515 376.15833
418.77709 417.92715 417.07484 416.22124 415.36749 414.51482 413.66445 412.8176 411.97543 411.13898 410.30912 409.48645 408.67127 407.86346 407.06242 406.26693 405.47515 404.68447 403.89146 403.09176 402.28006 401.45002 400.59413 399.70374 398.76884 397.77804 396.71827 395.57466 394.33007 392.96467 391.45525 389.77428 387.88863 385.75787 383.33192 380.54789 377.32579 373.56291 369.12646 363.84486 357.49917 349.82089 340.51409 329.35018 316.44497 302.89157 291.69417 287.675 293.82254 306.79015 319.82063 329.25989 335.69658 341.64645 349.31853 358.70252 366.77474 370.70803 372.2984 375.27787
418.88082 418.04214 417.20119 416.35891 415.51628 414.67428 413.83392 412.99615 412.16184 411.33173 410.50637 409.68607 408.87079 408.06013 407.2532 406.44858 405.64424 404.83743 404.02467 403.20162 402.36307 401.5028 400.61359 399.68705 398.71356 397.68215 396.58024 395.39347 394.10528 392.69649 391.1446 389.42296 387.49957 385.33549 382.88277 380.08161 376.85678 373.11291 368.72888 363.55178 357.39294 350.03261 341.25138 330.93082 319.30916 307.49811 298.12102 294.96751 299.98822 310.02039 319.251 324.54771 326.77747 329.12204 334.86901 344.71511 355.33121 362.98511 368.16563 373.61616
418.97856 418.14969 417.31856 416.48596 415.6527 414.81957 413.98735 413.15678 412.32847 411.50289 410.68034 409.86084 409.04411 408.2295 407.41592 406.60176 405.78485 404.96238 404.13084 403.28595 402.42261 401.53481 400.61557 399.65688 398.64953 397.58303 396.44541 395.22298 393.89998 392.4582 390.87632 389.12921 387.18687 385.01313 382.56392 379.78511 376.60985 372.9555 368.72048 363.78237 358.00016 351.22811 343.35705 334.4151 324.77582 315.4915 308.54171 306.26291 309.32118 315.00891 318.95505 318.62397 314.85567 311.53308 313.90336 324.32587 338.88913 351.94703 362.14515 371.16263
419.07049 418.25012 417.42741 416.60301 415.77756 414.9517 414.126 413.301 412.47709 411.65452 410.83335 410.01339 409.19414 408.37475 407.55397 406.73007 405.90078 405.06325 404.21399 403.34882 402.46277 401.55006 400.60404 399.61705 398.58038 397.48411 396.31696 395.06606 393.71666 392.25179 390.65172 388.89335 386.94941 384.78745 382.3686 379.64612 376.56388 373.05494 369.04104 364.43447 359.14553 353.10219 346.29332 338.85312 331.19897 324.18481 319.08031 317.0066 317.76319 319.1069 317.76308 311.48777 300.79064 290.34842 288.57426 300.54496 320.70359 340.14525 355.71078 368.50788
419.15685 418.34379 417.52823 416.7107 415.89169 415.07169 414.2511 413.43026 412.60939 411.78854 410.96758 410.14612 409.32351 408.49875 407.67044 406.83676 405.99541 405.14353 404.27768 403.39379 402.48708 401.55203 400.58232 399.57072 398.50905 397.38802 396.19714 394.92448 393.55648 392.07761 390.47003 388.71306 386.78265 384.65066 382.28416 379.64463 376.68748 373.36205 369.6131 365.3851 360.63221 355.33823 349.55275 343.44816 337.38872 331.96168 327.84922 325.40325 324.02035 321.84546 316.29325 305.23921 288.8096 272.29905 267.18674 280.99989 306.14214 330.78975 350.58793 366.39369
419.23794 418.4311 417.62156 416.80972 415.99593 415.18055 414.36383 413.54595 412.72697 411.90676 411.08505 410.26129 409.43468 408.60411 407.7681 406.92476 406.07178 405.20632 404.32503 403.42397 402.49859 401.54365 400.55318 399.52043 398.43777 397.29662 396.08732 394.79901 393.41939 391.93456 390.32873 388.58387 386.67937 384.59168 382.29395 379.75591 376.94402 373.82259 370.35622 366.51505 362.28439 357.68094 352.77736 347.73221 342.81047 338.35617 334.65661 331.66494 328.6757 324.19498 316.21112 302.96278 284.64287 266.66145 260.81256 274.66289 300.57136 326.66584 348.13593 365.35461
419.31408 418.5125 417.70796 416.90075 416.09112 415.27928 414.46537 413.64942 412.83135 412.0109 411.18765 410.36094 409.52987 408.69322 407.84946 406.99668 406.13256 405.25434 404.35877 403.44207 402.49992 401.52739 400.51889 399.46817 398.36819 397.21109 395.98813 394.68952 393.30432 391.82034 390.22389 388.49965 386.6305 384.59737 382.37924 379.9534 377.29613 374.38418 371.1976 367.72448 363.96871 359.96091 355.77173 351.52241 347.37959 343.51174 339.98321 336.58858 332.69033 327.17604 318.65383 306.05571 290.0638 275.48698 271.35996 283.03566 305.07973 328.46875 348.73081 365.50845
419.38566 418.58846 417.788 416.98449 416.17808 415.36886 414.55684 413.74195 412.92397 412.10254 411.27713 410.44698 409.6111 408.76823 407.91678 407.05486 406.18016 405.29001 404.38128 403.45038 402.49325 401.50525 400.48123 399.41541 398.30138 397.13203 395.89951 394.59516 393.20942 391.73176 390.15061 388.45329 386.62597 384.65375 382.52087 380.21118 377.70903 375.00081 372.07752 368.93848 365.59655 362.0843 358.45919 354.80318 351.2083 347.73728 344.35289 340.82742 336.67272 331.15573 323.48324 313.29148 301.6264 292.12535 290.35493 299.27865 315.83329 334.44093 351.6317 366.55443
419.45306 418.65945 417.86228 417.06165 416.25763 415.45021 414.63931 413.82473 413.00617 412.18317 411.35511 410.52115 409.68025 408.83109 407.9721 407.10137 406.21667 405.31541 404.39462 403.45089 402.48041 401.47889 400.44158 399.36321 398.23798 397.05953 395.82091 394.51455 393.13223 391.66505 390.10344 388.43716 386.65542 384.747 382.70065 380.5056 378.1525 375.63478 372.9506 370.10552 367.11542 364.00923 360.82939 357.62702 354.44714 351.30013 348.12005 344.72186 340.78356 335.89335 329.71473 322.33489 314.80483 309.5264 309.52197 316.21968 328.04977 341.93656 355.55401 367.97346
419.51668 418.72596 417.93137 417.13291 416.33057 415.52426 414.7138 413.89892 413.07922 412.25417 411.42307 410.58505 409.73899 408.88358 408.01723 407.13808 406.24397 405.3324 404.40056 403.44525 402.46292 401.44962 400.40099 399.31227 398.17825 396.99331 395.75137 394.4459 393.06995 391.61613 390.07671 388.44366 386.70883 384.86417 382.90212 380.81616 378.60163 376.2568 373.78428 371.1926 368.49766 365.72329 362.89967 360.0578 357.21802 354.37211 351.46211 348.3652 344.9016 340.88826 336.26405 331.29923 326.83423 324.31938 325.29821 330.40707 338.84042 348.96852 359.36358 369.26203
419.57694 418.78851 417.99586 417.19895 416.39767 415.59187 414.7813 413.9656 413.14431 412.31683 411.48242 410.64014 409.78887 408.92729 408.05382 407.16665 406.26369 405.34257 404.40063 403.43488 402.44203 401.41846 400.36021 399.26299 398.12218 396.93284 395.6897 394.38723 393.01962 391.58088 390.0649 388.46556 386.77697 384.99368 383.11106 381.12584 379.03669 376.84509 374.55623 372.17979 369.73053 367.22778 364.69344 362.14737 359.59988 357.04202 354.43699 351.71919 348.81071 345.66646 342.35515 339.16638 336.69116 335.76125 337.14357 341.1018 347.20024 354.56969 362.36848 370.05258
419.63428 418.84758 418.05633 417.26042 416.45968 415.65389 414.84273 414.02579 413.20254 412.37235 411.53441 410.68777 409.8313 408.96367 408.08334 407.18855 406.27729 405.34733 404.39615 403.42098 402.41878 401.38624 400.31979 399.21558 398.06955 396.87738 395.63458 394.33649 392.97834 391.55535 390.06281 388.49626 386.85163 385.12555 383.31566 381.42103 379.44267 377.38408 375.25181 373.05581 370.80949 368.52895 366.2312 363.93104 361.63676 359.34581 357.04295 354.70493 352.31662 349.90249 347.57218 345.56671 344.27169 344.15008 345.57603 348.64422 353.10164 358.47082 364.26226 370.12044
419.6891 418.90366 418.11334 417.31797 416.51732 415.71111 414.89898 414.08045 413.25497 412.42183 411.58023 410.72917 409.86754 408.99402 408.1071 407.20508 406.28606 405.3479 404.38826 403.40456 402.39401 401.3536 400.2801 399.17011 398.02004 396.82617 395.58468 394.29168 392.94334 391.53589 390.06583 388.53 386.92584 385.25155 383.50645 381.69129 379.80859 377.86307 375.86191 373.81491 371.7343 369.63407 367.52868 365.43121 363.3513 361.29384 359.26013 357.25352 355.29168 353.42571 351.76249 350.47995 349.81791 350.02808 351.28742 353.61568 356.85517 360.73386 364.9689 369.34512
